1 0.457818 0.535000 0.444805 0.565041 0.416875 0.579729 0.388439 0.566341 0.373082 0.535000 0.388542 0.507285 0.416875 0.497082 0.444274 0.503485
1 0.700896 0.597500 0.690459 0.632076 0.661250 0.647424 0.629777 0.631764 0.622592 0.597500 0.630470 0.562742 0.661250 0.552931 0.691466 0.565991
0 0.698924 0.390833 0.691722 0.410140 0.678125 0.416306 0.664354 0.408978 0.659068 0.390833 0.663733 0.374107 0.678125 0.364202 0.694102 0.372256
0 0.477896 0.373333 0.471089 0.391253 0.455000 0.399584 0.440921 0.393974 0.435536 0.373333 0.440621 0.355444 0.455000 0.349255 0.470905 0.352691
0 0.529649 0.375000 0.520357 0.391253 0.505000 0.400484 0.489349 0.391932 0.483291 0.375000 0.489949 0.357382 0.505000 0.350038 0.522213 0.356764
0 0.661448 0.377500 0.653233 0.400156 0.635000 0.409033 0.617252 0.399319 0.611326 0.377500 0.617243 0.355767 0.635000 0.345974 0.652981 0.355388
0 0.448576 0.419167 0.445851 0.441297 0.433125 0.447875 0.420898 0.438436 0.416455 0.419167 0.421237 0.396604 0.433125 0.392222 0.444099 0.398572
0 0.724545 0.638333 0.720392 0.657685 0.705000 0.664377 0.689436 0.657326 0.684147 0.638333 0.689106 0.619241 0.705000 0.610536 0.719598 0.619450
0 0.557077 0.521667 0.550115 0.540138 0.537500 0.544815 0.524295 0.538198 0.517305 0.521667 0.523745 0.503535 0.537500 0.496874 0.551327 0.504440
0 0.338743 0.427500 0.331913 0.447455 0.317500 0.454266 0.301509 0.446313 0.297085 0.427500 0.302166 0.409037 0.317500 0.400108 0.332980 0.407027
0 0.472554 0.461667 0.465667 0.479578 0.453125 0.484707 0.439034 0.480070 0.434512 0.461667 0.438090 0.445325 0.453125 0.437301 0.466133 0.444317
0 0.327616 0.596667 0.324329 0.619856 0.305625 0.624358 0.289951 0.616613 0.280806 0.596667 0.287417 0.576837 0.305625 0.566244 0.322222 0.573993
0 0.480931 0.237500 0.472020 0.258198 0.456875 0.263765 0.440897 0.257304 0.434411 0.237500 0.442571 0.216746 0.456875 0.211953 0.473154 0.216430
0 0.564457 0.567500 0.560450 0.589866 0.545000 0.595425 0.531754 0.589497 0.526408 0.567500 0.529543 0.546805 0.545000 0.539221 0.559289 0.544953
0 0.396806 0.439167 0.390095 0.455855 0.376875 0.462565 0.362854 0.458484 0.356070 0.439167 0.363369 0.422084 0.376875 0.411797 0.390207 0.420121
0 0.454187 0.275000 0.447722 0.296390 0.430000 0.308972 0.413858 0.298403 0.407897 0.275000 0.412566 0.252802 0.430000 0.241477 0.448400 0.253180
0 0.615411 0.465000 0.611497 0.487756 0.594375 0.496386 0.576855 0.485751 0.571285 0.465000 0.576497 0.442367 0.594375 0.433480 0.610419 0.444981
0 0.492642 0.746667 0.484553 0.767929 0.471250 0.777500 0.456400 0.767467 0.450853 0.746667 0.458238 0.725500 0.471250 0.717057 0.484821 0.723994
0 0.473119 0.848333 0.465819 0.869289 0.451250 0.877733 0.436813 0.872449 0.432610 0.848333 0.437512 0.824818 0.451250 0.815656 0.465472 0.823870
0 0.460694 0.735000 0.457963 0.761356 0.443125 0.778082 0.429942 0.763083 0.424731 0.735000 0.428991 0.706118 0.443125 0.698943 0.458126 0.706181
0 0.381018 0.314167 0.372367 0.329314 0.353125 0.334439 0.336559 0.330432 0.326201 0.314167 0.336205 0.298275 0.353125 0.290355 0.369467 0.298739
0 0.381865 0.544167 0.375433 0.563090 0.358125 0.569588 0.340113 0.563002 0.332769 0.544167 0.339430 0.524876 0.358125 0.519384 0.375528 0.525852
0 0.623790 0.530000 0.618777 0.547507 0.605625 0.554902 0.591738 0.546382 0.588082 0.530000 0.590809 0.513749 0.605625 0.502564 0.618178 0.513257
0 0.674140 0.526667 0.664598 0.550493 0.648125 0.558951 0.630025 0.552477 0.622794 0.526667 0.629236 0.503191 0.648125 0.491576 0.666169 0.501484
0 0.317114 0.651667 0.312916 0.675174 0.297500 0.684108 0.283502 0.675332 0.275479 0.651667 0.282689 0.627335 0.297500 0.618035 0.311400 0.628143
0 0.636024 0.327500 0.631493 0.351766 0.615000 0.363728 0.599938 0.353652 0.594900 0.327500 0.598585 0.301331 0.615000 0.291482 0.630075 0.304331
0 0.638912 0.410000 0.632565 0.429352 0.616250 0.436734 0.599979 0.428929 0.594786 0.410000 0.600093 0.389594 0.616250 0.381507 0.632567 0.389460
0 0.492109 0.290000 0.487310 0.307482 0.471875 0.314823 0.455581 0.308209 0.451731 0.290000 0.457205 0.269611 0.471875 0.265096 0.487651 0.271426
0 0.702430 0.438333 0.693843 0.454478 0.675625 0.462644 0.658587 0.454639 0.651131 0.438333 0.659896 0.421486 0.675625 0.415103 0.692675 0.422179
0 0.322761 0.515833 0.313488 0.538810 0.297500 0.543990 0.279735 0.538626 0.273629 0.515833 0.279681 0.495397 0.297500 0.482041 0.313770 0.495310
0 0.640320 0.764167 0.636979 0.787345 0.620625 0.799151 0.603927 0.790293 0.600307 0.764167 0.604439 0.742175 0.620625 0.728954 0.636683 0.739113
0 0.571166 0.354167 0.562871 0.371296 0.544375 0.381242 0.526670 0.370863 0.520024 0.354167 0.528122 0.337478 0.544375 0.330110 0.563106 0.335488
0 0.528195 0.713333 0.523487 0.729375 0.509375 0.736571 0.494454 0.731066 0.489736 0.713333 0.496512 0.695461 0.509375 0.687688 0.524148 0.695584
0 0.573299 0.663333 0.570351 0.685715 0.557500 0.692084 0.545129 0.685286 0.539579 0.663333 0.544305 0.641363 0.557500 0.632272 0.571087 0.642005
0 0.548679 0.209167 0.541478 0.232658 0.528125 0.245745 0.514780 0.232438 0.507625 0.209167 0.513759 0.186530 0.528125 0.174163 0.543233 0.187012
0 0.673450 0.345833 0.668839 0.367128 0.653750 0.375711 0.640031 0.366718 0.632837 0.345833 0.639354 0.325857 0.653750 0.315928 0.668388 0.325269
0 0.659800 0.290833 0.652095 0.313169 0.638125 0.317641 0.622898 0.310151 0.618675 0.290833 0.624012 0.270438 0.638125 0.260522 0.653906 0.271743
0 0.435507 0.640833 0.428256 0.657634 0.413750 0.664771 0.399997 0.658456 0.391730 0.640833 0.398644 0.622670 0.413750 0.615500 0.429896 0.621500
0 0.354405 0.638333 0.346541 0.658561 0.332500 0.663328 0.317973 0.658148 0.314411 0.638333 0.319539 0.618226 0.332500 0.612690 0.346801 0.620841
0 0.419532 0.421667 0.415892 0.442024 0.399375 0.454309 0.382392 0.444685 0.378508 0.421667 0.383749 0.398820 0.399375 0.390774 0.415530 0.402421
0 0.372068 0.675833 0.364549 0.696977 0.349375 0.702964 0.332430 0.697006 0.327061 0.675833 0.331808 0.655043 0.349375 0.645594 0.365839 0.655197
0 0.579001 0.823333 0.572779 0.850129 0.561250 0.858787 0.549608 0.848692 0.542031 0.823333 0.548953 0.797026 0.561250 0.789895 0.573175 0.797356
0 0.580304 0.595833 0.575721 0.614054 0.564375 0.622867 0.553251 0.614147 0.547389 0.595833 0.553431 0.576941 0.564375 0.568391 0.574969 0.576284
0 0.636210 0.653333 0.630220 0.673514 0.615625 0.680622 0.600206 0.673630 0.595287 0.653333 0.602191 0.632567 0.615625 0.624801 0.630847 0.631638
0 0.711637 0.507500 0.703555 0.522291 0.689375 0.531185 0.674028 0.522909 0.667260 0.507500 0.673378 0.492731 0.689375 0.485355 0.703271 0.490306
0 0.578251 0.381667 0.569804 0.399019 0.553750 0.405774 0.537236 0.399433 0.532476 0.381667 0.538671 0.365896 0.553750 0.356500 0.569455 0.364359
0 0.481468 0.603333 0.474053 0.623899 0.456875 0.629802 0.438284 0.624594 0.430488 0.603333 0.439857 0.584175 0.456875 0.577332 0.474932 0.581927
0 0.597811 0.422500 0.591207 0.441492 0.580000 0.449410 0.567960 0.444063 0.562404 0.422500 0.568359 0.403175 0.580000 0.392980 0.593547 0.400327
0 0.735096 0.425000 0.727310 0.446967 0.711250 0.456418 0.694576 0.445027 0.687217 0.425000 0.694057 0.401772 0.711250 0.396929 0.728834 0.405023
0 0.424875 0.326667 0.414012 0.347806 0.398750 0.353442 0.380630 0.346165 0.377369 0.326667 0.382130 0.305345 0.398750 0.297041 0.415436 0.307323
0 0.426104 0.239167 0.420395 0.262667 0.403125 0.272122 0.384943 0.261459 0.378507 0.239167 0.387124 0.219020 0.403125 0.209229 0.418722 0.218497
0 0.405029 0.581667 0.398039 0.600712 0.383125 0.607102 0.367746 0.598185 0.362633 0.581667 0.366815 0.565626 0.383125 0.558924 0.399277 0.563287
0 0.405805 0.288333 0.401639 0.308179 0.386875 0.315137 0.373386 0.308824 0.365350 0.288333 0.370928 0.267640 0.386875 0.264044 0.402860 0.271079
0 0.328209 0.755000 0.322891 0.773272 0.301875 0.781195 0.283025 0.773303 0.273699 0.755000 0.282503 0.736589 0.301875 0.731011 0.321042 0.737113
0 0.534941 0.290833 0.527564 0.307388 0.513750 0.315333 0.500348 0.307492 0.492982 0.290833 0.498288 0.273666 0.513750 0.265483 0.529056 0.272340
0 0.403827 0.690000 0.399411 0.710106 0.386250 0.720926 0.374170 0.712270 0.368780 0.690000 0.372772 0.668868 0.386250 0.660252 0.399372 0.670748
0 0.342430 0.493333 0.337820 0.514498 0.318750 0.525249 0.301206 0.517363 0.294736 0.493333 0.302176 0.469721 0.318750 0.462988 0.336121 0.472565
0 0.570457 0.307500 0.561602 0.324378 0.548750 0.330184 0.535368 0.324030 0.529826 0.307500 0.535955 0.291983 0.548750 0.284854 0.564008 0.288846
0 0.394129 0.368333 0.386287 0.389931 0.372500 0.398673 0.357079 0.390223 0.352431 0.368333 0.356682 0.345587 0.372500 0.336993 0.388584 0.345122
0 0.461310 0.661667 0.457137 0.682517 0.440000 0.687679 0.424845 0.680514 0.418302 0.661667 0.423398 0.643077 0.440000 0.631201 0.457167 0.643169
0 0.606249 0.314167 0.599361 0.334068 0.585625 0.340556 0.573016 0.334831 0.567379 0.314167 0.571358 0.294257 0.585625 0.284376 0.599251 0.291822
0 0.489078 0.419167 0.484735 0.441213 0.469375 0.452038 0.453567 0.442201 0.447758 0.419167 0.456013 0.397656 0.469375 0.384410 0.484167 0.397618
0 0.510753 0.766667 0.506462 0.790467 0.491250 0.798159 0.478084 0.789838 0.473225 0.766667 0.477115 0.746007 0.491250 0.732579 0.506019 0.746507
0 0.707709 0.477500 0.699090 0.492577 0.681875 0.500991 0.665102 0.494573 0.658955 0.477500 0.663169 0.462182 0.681875 0.457247 0.699093 0.460432
0 0.496559 0.490000 0.492492 0.507067 0.475625 0.513339 0.459983 0.506313 0.452460 0.490000 0.460316 0.473233 0.475625 0.465039 0.492610 0.474328
0 0.495560 0.690833 0.490144 0.709378 0.473750 0.712737 0.457525 0.707855 0.453244 0.690833 0.459000 0.672123 0.473750 0.669050 0.489281 0.675342
0 0.436848 0.371667 0.429040 0.397100 0.412500 0.407781 0.396191 0.396248 0.388325 0.371667 0.397902 0.347949 0.412500 0.335400 0.429284 0.349198
0 0.532907 0.328333 0.527758 0.346153 0.510625 0.353902 0.494787 0.344743 0.487510 0.328333 0.493196 0.311185 0.510625 0.305177 0.528247 0.310546
0 0.298272 0.421667 0.288873 0.440457 0.270000 0.447699 0.249148 0.443361 0.239914 0.421667 0.249603 0.399971 0.270000 0.390507 0.289216 0.400673
0 0.610079 0.735000 0.603835 0.757668 0.589375 0.771230 0.574314 0.758756 0.570658 0.735000 0.576388 0.711475 0.589375 0.698344 0.602832 0.708647
0 0.637831 0.502500 0.631058 0.518626 0.615625 0.526829 0.602277 0.517121 0.596113 0.502500 0.601393 0.486169 0.615625 0.481929 0.628939 0.487924
0 0.499209 0.341667 0.491553 0.361794 0.476250 0.367591 0.461774 0.361317 0.455996 0.341667 0.461919 0.324249 0.476250 0.314846 0.490724 0.324439
0 0.612457 0.667500 0.605630 0.690937 0.591875 0.704524 0.576806 0.691469 0.570910 0.667500 0.577160 0.642086 0.591875 0.632037 0.605043 0.641181
0 0.396669 0.633333 0.389744 0.653417 0.373750 0.660327 0.356524 0.653767 0.352249 0.633333 0.358035 0.614342 0.373750 0.604955 0.391111 0.611333
0 0.440403 0.471667 0.435891 0.490108 0.419375 0.496397 0.404015 0.489120 0.398842 0.471667 0.402391 0.453788 0.419375 0.444787 0.433711 0.451828
0 0.627026 0.260833 0.620138 0.284723 0.605000 0.293178 0.589848 0.281731 0.583517 0.260833 0.589322 0.239679 0.605000 0.232314 0.620249 0.238376
0 0.699735 0.700000 0.694080 0.722448 0.679375 0.731979 0.663137 0.722378 0.655335 0.700000 0.662684 0.677600 0.679375 0.663829 0.695830 0.676510
0 0.575613 0.428333 0.569126 0.444830 0.551875 0.454116 0.533947 0.444782 0.530199 0.428333 0.535840 0.409225 0.551875 0.405320 0.567801 0.409588
0 0.606247 0.371667 0.600391 0.392441 0.586875 0.402301 0.572225 0.391695 0.565485 0.371667 0.572374 0.350226 0.586875 0.343574 0.602802 0.350274
0 0.438886 0.597500 0.430760 0.611738 0.418125 0.616364 0.405354 0.613262 0.398581 0.597500 0.403990 0.583584 0.418125 0.574762 0.430714 0.581535
0 0.424328 0.745833 0.420160 0.765014 0.404375 0.772700 0.387917 0.765604 0.382087 0.745833 0.388073 0.726201 0.404375 0.718694 0.420789 0.729334
0 0.591681 0.508333 0.587889 0.526248 0.572500 0.534496 0.558781 0.527301 0.551861 0.508333 0.557128 0.490868 0.572500 0.483544 0.586019 0.491404
0 0.463928 0.325833 0.457586 0.343797 0.441250 0.351366 0.427540 0.347164 0.421004 0.325833 0.425721 0.304518 0.441250 0.297082 0.456368 0.306677
0 0.374086 0.267500 0.367474 0.291005 0.350625 0.300666 0.333833 0.287723 0.326798 0.267500 0.335782 0.247393 0.350625 0.237703 0.365906 0.246875
0 0.523140 0.246667 0.518522 0.265073 0.501250 0.273740 0.483136 0.267070 0.477862 0.246667 0.483129 0.228745 0.501250 0.219877 0.516489 0.228272
0 0.594453 0.553333 0.590371 0.573768 0.577500 0.580692 0.563938 0.574559 0.560066 0.553333 0.565365 0.533301 0.577500 0.526407 0.590058 0.533828
0 0.472753 0.186667 0.466054 0.205588 0.451875 0.216805 0.435037 0.206964 0.431974 0.186667 0.435426 0.166040 0.451875 0.156866 0.468822 0.166213
0 0.514172 0.567500 0.506492 0.586242 0.486875 0.596440 0.468648 0.587270 0.459461 0.567500 0.469110 0.544840 0.486875 0.538871 0.504839 0.546331
0 0.510027 0.196667 0.505018 0.217671 0.490000 0.229288 0.476202 0.217648 0.469815 0.196667 0.474454 0.173354 0.490000 0.163985 0.505876 0.174487
0 0.361262 0.383333 0.355964 0.407484 0.341250 0.415995 0.324771 0.407228 0.319853 0.383333 0.326498 0.361286 0.341250 0.349504 0.357453 0.357707
0 0.488110 0.820000 0.482264 0.849956 0.470000 0.857902 0.457081 0.845964 0.453613 0.820000 0.456796 0.791858 0.470000 0.783988 0.483167 0.791824
0 0.488452 0.523333 0.483121 0.538353 0.469375 0.544308 0.454375 0.538009 0.449468 0.523333 0.453586 0.506993 0.469375 0.501423 0.482949 0.507732
0 0.530119 0.481667 0.524426 0.494326 0.508125 0.499443 0.493550 0.495179 0.485855 0.481667 0.491835 0.468357 0.508125 0.463537 0.523517 0.468620
0 0.304464 0.566667 0.296910 0.590744 0.281875 0.597568 0.267669 0.590014 0.260407 0.566667 0.265542 0.544861 0.281875 0.531849 0.297087 0.543188
0 0.546145 0.825000 0.542063 0.844890 0.530000 0.853435 0.517637 0.847506 0.511466 0.825000 0.517651 0.802795 0.530000 0.793951 0.543376 0.805554
0 0.455534 0.803333 0.452065 0.827418 0.437500 0.835680 0.424224 0.825633 0.418683 0.803333 0.422496 0.780543 0.437500 0.773267 0.451403 0.780381
0 0.620811 0.608333 0.616184 0.624434 0.599375 0.633711 0.584624 0.625211 0.575782 0.608333 0.583873 0.591381 0.599375 0.584630 0.614812 0.590982
0 0.278929 0.522500 0.268970 0.539566 0.251250 0.544773 0.231510 0.537943 0.223150 0.522500 0.232767 0.507331 0.251250 0.499484 0.270644 0.508013
0 0.633401 0.571667 0.625452 0.585379 0.607500 0.592446 0.589252 0.584646 0.584987 0.571667 0.589697 0.556211 0.607500 0.551325 0.624982 0.556752
0 0.269110 0.558333 0.259175 0.576451 0.241875 0.583167 0.221194 0.573799 0.213755 0.558333 0.221218 0.541002 0.241875 0.537302 0.262657 0.540402
0 0.369842 0.592500 0.362017 0.611419 0.348750 0.619463 0.334289 0.612798 0.329980 0.592500 0.333292 0.572083 0.348750 0.563231 0.363100 0.571702
0 0.386812 0.784167 0.378434 0.811639 0.359375 0.822906 0.339212 0.809202 0.334044 0.784167 0.342237 0.760959 0.359375 0.745758 0.380114 0.759434
0 0.541472 0.673333 0.532939 0.692123 0.515000 0.700019 0.495724 0.690500 0.490854 0.673333 0.494927 0.653961 0.515000 0.644288 0.533167 0.655589
0 0.405862 0.487500 0.396776 0.507755 0.373750 0.518446 0.352203 0.510759 0.341791 0.487500 0.350984 0.464764 0.373750 0.455073 0.393673 0.464629
0 0.657476 0.476667 0.652087 0.494941 0.636875 0.505068 0.620951 0.495447 0.615062 0.476667 0.620381 0.456217 0.636875 0.452016 0.652387 0.457625
0 0.642654 0.709167 0.636506 0.728240 0.620000 0.738031 0.602293 0.729029 0.596268 0.709167 0.600717 0.689332 0.620000 0.679265 0.637307 0.691454
0 0.682819 0.760833 0.676422 0.783175 0.660625 0.788289 0.647255 0.782096 0.639655 0.760833 0.644700 0.738920 0.660625 0.733271 0.676134 0.742071
0 0.551755 0.765000 0.546805 0.789312 0.531250 0.797948 0.515433 0.786971 0.512102 0.765000 0.516107 0.740585 0.531250 0.735510 0.545361 0.741947
0 0.359540 0.445833 0.353341 0.466323 0.338750 0.471496 0.325166 0.464246 0.316955 0.445833 0.325347 0.425337 0.338750 0.416985 0.351710 0.425947
0 0.519988 0.420000 0.514705 0.441122 0.500000 0.449127 0.485165 0.442303 0.479600 0.420000 0.486319 0.396746 0.500000 0.387326 0.514629 0.397297
0 0.323382 0.383333 0.313797 0.402579 0.297500 0.413310 0.279320 0.401957 0.270002 0.383333 0.278092 0.363727 0.297500 0.353363 0.315055 0.364469
0 0.421427 0.841667 0.411875 0.862310 0.391875 0.868962 0.372684 0.863884 0.362430 0.841667 0.369888 0.821762 0.391875 0.810831 0.412523 0.818513
0 0.588407 0.275000 0.579837 0.292707 0.561250 0.296804 0.543344 0.292431 0.532749 0.275000 0.544279 0.259591 0.561250 0.249616 0.580107 0.258235
0 0.342706 0.705000 0.335283 0.728102 0.313750 0.738365 0.295083 0.729385 0.284816 0.705000 0.294600 0.680697 0.313750 0.672282 0.334649 0.683499
0 0.497712 0.640000 0.489501 0.659347 0.471875 0.670187 0.454751 0.660571 0.447214 0.640000 0.453997 0.619930 0.471875 0.609582 0.488982 0.616954
0 0.573749 0.475000 0.565746 0.493779 0.551250 0.501720 0.536179 0.493443 0.529129 0.475000 0.535629 0.457472 0.551250 0.448447 0.568342 0.455340
0 0.739676 0.532500 0.732538 0.553227 0.718750 0.562408 0.703294 0.551061 0.699994 0.532500 0.704169 0.512258 0.718750 0.505286 0.733965 0.513862
0 0.538284 0.450000 0.532855 0.465195 0.513750 0.469577 0.495857 0.466085 0.489970 0.450000 0.493530 0.434568 0.513750 0.428844 0.533512 0.435186
0 0.656015 0.433333 0.648782 0.451958 0.631875 0.462174 0.615014 0.451351 0.609803 0.433333 0.615153 0.415423 0.631875 0.408449 0.647356 0.416351
0 0.527942 0.520833 0.522259 0.537452 0.508125 0.548709 0.494493 0.538242 0.487831 0.520833 0.494626 0.503443 0.508125 0.496903 0.522058 0.501300
0 0.590453 0.773333 0.582755 0.794201 0.570000 0.799690 0.554493 0.792442 0.551066 0.773333 0.555908 0.751311 0.570000 0.743802 0.584325 0.755201
0 0.275753 0.610000 0.265238 0.630188 0.246875 0.638806 0.225524 0.627627 0.220540 0.610000 0.225317 0.591490 0.246875 0.580958 0.268404 0.592092
0 0.571434 0.721667 0.567222 0.745472 0.550000 0.752504 0.533661 0.745878 0.525281 0.721667 0.532879 0.698166 0.550000 0.689118 0.564983 0.699280
0 0.710833 0.545833 0.704004 0.565452 0.689375 0.571690 0.672387 0.565450 0.666544 0.545833 0.673645 0.526006 0.689375 0.520582 0.705954 0.527001
0 0.518981 0.813333 0.515387 0.837847 0.502500 0.846431 0.490330 0.839845 0.483991 0.813333 0.489291 0.787767 0.502500 0.780296 0.515841 0.788948
0 0.537516 0.867500 0.532750 0.890872 0.517500 0.903068 0.503767 0.892277 0.496687 0.867500 0.503159 0.843536 0.517500 0.837032 0.533564 0.842293
0 0.701690 0.307500 0.693762 0.325919 0.677500 0.334057 0.658055 0.327487 0.652220 0.307500 0.660964 0.289501 0.677500 0.284038 0.694689 0.289654
0 0.527029 0.617500 0.522047 0.639321 0.506875 0.650047 0.490711 0.639100 0.483278 0.617500 0.492165 0.593502 0.506875 0.587455 0.521370 0.596740
0 0.381518 0.733333 0.371395 0.751922 0.355625 0.757902 0.338443 0.753654 0.332675 0.733333 0.339646 0.716115 0.355625 0.708626 0.372718 0.714167
0 0.564585 0.631667 0.558904 0.654710 0.543125 0.662896 0.528819 0.651690 0.522804 0.631667 0.527805 0.611400 0.543125 0.604543 0.557748 0.610431
0 0.344061 0.333333 0.337773 0.356840 0.322500 0.365209 0.307275 0.355340 0.296717 0.333333 0.304633 0.312637 0.322500 0.304418 0.337709 0.311649
0 0.582785 0.238333 0.577462 0.255633 0.558750 0.261669 0.541222 0.255430 0.531355 0.238333 0.539360 0.221296 0.558750 0.213661 0.577893 0.222367
0 0.427026 0.794167 0.418585 0.813881 0.399375 0.822671 0.381377 0.813089 0.369872 0.794167 0.380643 0.773020 0.399375 0.766574 0.416753 0.772974
0 0.729292 0.734167 0.725381 0.756006 0.709375 0.764719 0.694957 0.754008 0.685747 0.734167 0.694838 0.713499 0.709375 0.702352 0.725555 0.710971
0 0.745194 0.688333 0.736041 0.709287 0.721250 0.718068 0.706827 0.709279 0.697372 0.688333 0.705201 0.665974 0.721250 0.660065 0.736289 0.668462
0 0.613406 0.812500 0.607842 0.839985 0.595625 0.847265 0.583679 0.837105 0.577799 0.812500 0.583217 0.787450 0.595625 0.774975 0.608826 0.783619
0 0.293763 0.476667 0.286460 0.494767 0.265625 0.501964 0.245214 0.495448 0.232067 0.476667 0.246032 0.456814 0.265625 0.449886 0.285626 0.459362
0 0.718999 0.345833 0.711936 0.364061 0.695625 0.372098 0.680622 0.365118 0.674179 0.345833 0.680791 0.326147 0.695625 0.317991 0.712042 0.324817
0 0.292258 0.671667 0.282874 0.698147 0.261875 0.709351 0.243059 0.699787 0.231630 0.671667 0.242236 0.647360 0.261875 0.633869 0.283459 0.647186
0 0.746914 0.612500 0.738128 0.633647 0.721875 0.644268 0.704409 0.631811 0.699623 0.612500 0.703074 0.590533 0.721875 0.585092 0.740741 0.592081
0 0.434698 0.697500 0.428894 0.715748 0.415625 0.722239 0.401683 0.715842 0.397356 0.697500 0.403159 0.680065 0.415625 0.672089 0.427854 0.680345
0 0.677136 0.677500 0.671852 0.697737 0.653750 0.707607 0.637641 0.697962 0.628035 0.677500 0.635794 0.657102 0.653750 0.646429 0.672014 0.655092
0 0.751183 0.574167 0.745969 0.592409 0.730625 0.599391 0.713687 0.590765 0.710197 0.574167 0.713939 0.557038 0.730625 0.549670 0.744909 0.557684
0 0.364517 0.828333 0.356770 0.854026 0.339375 0.860458 0.323642 0.851642 0.317372 0.828333 0.324144 0.805088 0.339375 0.796323 0.356941 0.801240
0 0.596136 0.209167 0.591105 0.228796 0.573125 0.236796 0.557908 0.230147 0.549927 0.209167 0.555363 0.190045 0.573125 0.182072 0.589639 0.189967
0 0.739558 0.385000 0.733867 0.401797 0.718750 0.409817 0.702858 0.400586 0.695063 0.385000 0.704362 0.369192 0.718750 0.360260 0.735120 0.369702
0 0.745423 0.485833 0.739788 0.501513 0.723750 0.512313 0.708507 0.501343 0.703343 0.485833 0.709604 0.467462 0.723750 0.463974 0.740015 0.469805
0 0.486732 0.740000 0.480161 0.766454 0.463750 0.774063 0.448489 0.763469 0.439020 0.740000 0.447922 0.713202 0.463750 0.701586 0.478971 0.714558
0 0.602893 0.560833 0.595994 0.579391 0.581875 0.586146 0.568337 0.578878 0.560822 0.560833 0.568934 0.542381 0.581875 0.533680 0.595186 0.539695
0 0.534675 0.464167 0.528421 0.484310 0.511250 0.494938 0.494742 0.485510 0.488644 0.464167 0.493329 0.442210 0.511250 0.432328 0.529493 0.441757
0 0.544821 0.818333 0.539723 0.844086 0.525000 0.856342 0.510873 0.843167 0.503270 0.818333 0.509984 0.791492 0.525000 0.783385 0.540401 0.794712
0 0.327230 0.807310 0.319971 0.828855 0.302859 0.834182 0.287783 0.826681 0.282378 0.807310 0.287883 0.788899 0.302859 0.778012 0.318388 0.786146
0 0.496880 0.890879 0.490806 0.912129 0.477694 0.924650 0.463767 0.914069 0.457522 0.890879 0.462964 0.866596 0.477694 0.856057 0.490228 0.870429
0 0.664702 0.808566 0.659489 0.829993 0.646874 0.838663 0.633428 0.828668 0.627470 0.808566 0.632931 0.789585 0.646874 0.779971 0.661266 0.789477
