0 0.637675 0.770000 0.631903 0.787368 0.615000 0.794457 0.600446 0.787874 0.592420 0.770000 0.600421 0.750984 0.615000 0.744095 0.631871 0.749842
0 0.522705 0.673333 0.515715 0.688029 0.500625 0.693827 0.483663 0.690120 0.478470 0.673333 0.485398 0.659155 0.500625 0.653275 0.516030 0.657052
0 0.392731 0.535000 0.386252 0.554908 0.374375 0.560117 0.362218 0.553453 0.354801 0.535000 0.361170 0.517071 0.374375 0.508926 0.386538 0.517177
0 0.455883 0.115833 0.450141 0.147657 0.435625 0.164685 0.419320 0.148559 0.413207 0.115833 0.419077 0.083475 0.435625 0.072247 0.452491 0.079673
0 0.513208 0.516667 0.505016 0.536000 0.488125 0.539508 0.470997 0.533546 0.465887 0.516667 0.471393 0.497629 0.488125 0.492414 0.503145 0.499992
0 0.412347 0.268333 0.409004 0.287672 0.395625 0.300849 0.384012 0.289313 0.377433 0.268333 0.381567 0.245677 0.395625 0.240844 0.409012 0.246192
0 0.742402 0.596667 0.732775 0.613920 0.714375 0.623802 0.695587 0.615150 0.688519 0.596667 0.695020 0.578105 0.714375 0.571890 0.730836 0.579022
0 0.634546 0.110833 0.628139 0.136428 0.612500 0.148169 0.596606 0.137270 0.591171 0.110833 0.597732 0.081011 0.612500 0.070338 0.629316 0.082168
0 0.555435 0.272500 0.550071 0.291073 0.535000 0.296136 0.520076 0.291166 0.514579 0.272500 0.518692 0.256100 0.535000 0.247549 0.550603 0.254903
0 0.440961 0.210833 0.437218 0.235289 0.422500 0.245873 0.407758 0.237524 0.401550 0.210833 0.407884 0.185050 0.422500 0.175420 0.436403 0.186603
0 0.450327 0.639167 0.444587 0.659011 0.428125 0.668340 0.414004 0.656875 0.405373 0.639167 0.411937 0.620770 0.428125 0.612647 0.443232 0.620184
0 0.565923 0.401667 0.561736 0.421635 0.545000 0.428318 0.528695 0.422172 0.524579 0.401667 0.529097 0.382547 0.545000 0.375281 0.561074 0.381146
0 0.730828 0.380000 0.720865 0.397594 0.706250 0.407153 0.691105 0.399418 0.683046 0.380000 0.690994 0.362852 0.706250 0.352618 0.722667 0.362733
0 0.359969 0.535000 0.353218 0.557459 0.336250 0.566031 0.320359 0.554291 0.311646 0.535000 0.318852 0.513174 0.336250 0.507924 0.350614 0.513126
0 0.429461 0.480833 0.422082 0.499591 0.406250 0.506398 0.391221 0.498728 0.383242 0.480833 0.390850 0.459934 0.406250 0.455580 0.421884 0.461673
0 0.710236 0.276667 0.703510 0.308447 0.683750 0.317459 0.665102 0.307535 0.657039 0.276667 0.663363 0.243190 0.683750 0.234695 0.703121 0.242982
0 0.554673 0.601667 0.550603 0.623399 0.535625 0.632426 0.523250 0.623117 0.515736 0.601667 0.521865 0.582074 0.535625 0.576069 0.549349 0.580591
0 0.329058 0.510000 0.320166 0.528759 0.303125 0.536069 0.284921 0.529410 0.277087 0.510000 0.287158 0.491103 0.303125 0.482191 0.322081 0.492736
0 0.529765 0.711667 0.525360 0.730141 0.509375 0.739841 0.495916 0.730238 0.487438 0.711667 0.494925 0.691488 0.509375 0.685947 0.524891 0.693260
0 0.688496 0.600833 0.683134 0.620989 0.667500 0.628857 0.653734 0.618346 0.647880 0.600833 0.652396 0.579527 0.667500 0.573626 0.681927 0.579946
0 0.371010 0.319167 0.362060 0.335904 0.348125 0.343871 0.331570 0.338613 0.326823 0.319167 0.332626 0.302572 0.348125 0.293180 0.363360 0.299667
0 0.694293 0.470000 0.691005 0.489758 0.675000 0.498435 0.661093 0.487724 0.654345 0.470000 0.661341 0.451256 0.675000 0.441917 0.690583 0.451465
0 0.400702 0.630000 0.392462 0.648009 0.377500 0.654779 0.360802 0.646615 0.353934 0.630000 0.362798 0.611957 0.377500 0.608690 0.392663 0.614254
0 0.424947 0.157500 0.417983 0.183532 0.404375 0.188393 0.388356 0.181435 0.382588 0.157500 0.390453 0.134635 0.404375 0.125752 0.417944 0.135200
0 0.485146 0.330833 0.481256 0.347542 0.467500 0.359191 0.453704 0.349550 0.449191 0.330833 0.454617 0.312228 0.467500 0.304183 0.481262 0.312904
0 0.391191 0.489167 0.381618 0.512716 0.365000 0.519937 0.348488 0.513495 0.339546 0.489167 0.347762 0.467461 0.365000 0.458474 0.382239 0.468205
0 0.525084 0.625000 0.519316 0.644821 0.502500 0.652743 0.487537 0.645732 0.480785 0.625000 0.485549 0.605730 0.502500 0.596854 0.517535 0.606210
0 0.527534 0.575000 0.523185 0.593397 0.510000 0.600411 0.498492 0.592547 0.493792 0.575000 0.498289 0.555410 0.510000 0.547061 0.522764 0.555209
0 0.476246 0.447500 0.471876 0.464098 0.459375 0.470354 0.447396 0.464557 0.441426 0.447500 0.446696 0.431719 0.459375 0.422934 0.472152 0.431630
0 0.513357 0.478333 0.509775 0.493780 0.494375 0.499262 0.480803 0.494890 0.472533 0.478333 0.481074 0.462645 0.494375 0.454750 0.507866 0.461958
0 0.472158 0.483333 0.466844 0.501529 0.451250 0.508591 0.437663 0.501070 0.429893 0.483333 0.437405 0.467070 0.451250 0.457753 0.467014 0.467338
0 0.492363 0.280833 0.486555 0.302653 0.473750 0.311529 0.462210 0.301040 0.457947 0.280833 0.460719 0.259907 0.473750 0.251929 0.485852 0.260976
0 0.488936 0.614167 0.482370 0.631943 0.470000 0.638297 0.458640 0.632452 0.452181 0.614167 0.458568 0.595553 0.470000 0.589199 0.482342 0.596327
0 0.594762 0.129167 0.584758 0.164632 0.568750 0.176697 0.551048 0.163586 0.542120 0.129167 0.550618 0.094445 0.568750 0.080499 0.586808 0.093971
0 0.315011 0.440000 0.307282 0.461131 0.287500 0.469924 0.269652 0.461195 0.259709 0.440000 0.267086 0.418138 0.287500 0.411362 0.304858 0.420961
0 0.637415 0.677500 0.630008 0.700701 0.613750 0.705386 0.597781 0.700194 0.590013 0.677500 0.597908 0.656423 0.613750 0.644635 0.628835 0.657775
0 0.516490 0.267500 0.511577 0.290876 0.499375 0.299026 0.487161 0.292856 0.482386 0.267500 0.487302 0.244820 0.499375 0.231748 0.512695 0.244192
0 0.588743 0.594167 0.583862 0.613014 0.570000 0.619115 0.556862 0.613808 0.552433 0.594167 0.555842 0.574199 0.570000 0.567902 0.584412 0.575737
0 0.379752 0.275000 0.373611 0.292599 0.355625 0.301518 0.340249 0.293036 0.331481 0.275000 0.339993 0.256889 0.355625 0.248545 0.373530 0.254311
0 0.668143 0.698333 0.662267 0.717119 0.646250 0.725483 0.631409 0.716581 0.622856 0.698333 0.629365 0.678683 0.646250 0.669815 0.661347 0.677028
0 0.556193 0.660000 0.547754 0.679524 0.535000 0.689644 0.521502 0.679522 0.515756 0.660000 0.521556 0.640247 0.535000 0.631593 0.550047 0.638253
0 0.364138 0.588333 0.355026 0.607967 0.341875 0.618953 0.327809 0.609264 0.322567 0.588333 0.328354 0.567464 0.341875 0.557654 0.357178 0.568352
0 0.359686 0.359167 0.351606 0.377770 0.333750 0.388853 0.317777 0.381522 0.309719 0.359167 0.314590 0.338150 0.333750 0.327625 0.350579 0.338000
0 0.548972 0.314167 0.542537 0.333673 0.526875 0.339746 0.512522 0.331441 0.506621 0.314167 0.510661 0.295850 0.526875 0.288594 0.543695 0.294904
0 0.634070 0.181667 0.627570 0.208760 0.605625 0.219258 0.583781 0.209511 0.573326 0.181667 0.586513 0.156266 0.605625 0.143428 0.626740 0.154021
0 0.550198 0.221667 0.544505 0.243850 0.523125 0.255205 0.504065 0.246397 0.493132 0.221667 0.501530 0.197605 0.523125 0.185046 0.541772 0.198286
0 0.534160 0.529167 0.527373 0.548752 0.513125 0.554366 0.500535 0.548486 0.491989 0.529167 0.498363 0.509657 0.513125 0.505726 0.527887 0.510699
0 0.654913 0.316667 0.648491 0.335215 0.633125 0.341054 0.619763 0.335053 0.610748 0.316667 0.618230 0.299627 0.633125 0.291110 0.648426 0.296159
0 0.464687 0.242500 0.459083 0.262765 0.444375 0.274133 0.430640 0.262349 0.425638 0.242500 0.430173 0.223049 0.444375 0.216153 0.459372 0.221720
0 0.494478 0.569167 0.489817 0.587958 0.476250 0.598492 0.461990 0.588512 0.455087 0.569167 0.463234 0.548504 0.476250 0.537934 0.489894 0.549395
0 0.566639 0.771667 0.560155 0.797496 0.545000 0.805768 0.529754 0.798723 0.524600 0.771667 0.531984 0.748124 0.545000 0.733271 0.558283 0.749385
0 0.354823 0.415833 0.347883 0.431804 0.329375 0.439060 0.313850 0.432720 0.304741 0.415833 0.313193 0.397613 0.329375 0.390686 0.347615 0.398059
0 0.474238 0.295000 0.467708 0.314349 0.454375 0.324153 0.441385 0.314448 0.433760 0.295000 0.441507 0.275286 0.454375 0.268897 0.468344 0.274984
0 0.738105 0.545833 0.728889 0.565051 0.713125 0.575635 0.698306 0.564519 0.692278 0.545833 0.696498 0.527766 0.713125 0.517482 0.729539 0.526320
0 0.505198 0.430000 0.501229 0.448188 0.487500 0.455246 0.473740 0.447650 0.468537 0.430000 0.475205 0.410891 0.487500 0.405662 0.501406 0.411247
0 0.709605 0.359167 0.702199 0.377285 0.689375 0.384707 0.676761 0.375976 0.671099 0.359167 0.675948 0.341411 0.689375 0.333710 0.703047 0.341871
0 0.455709 0.352500 0.445999 0.375586 0.431875 0.386719 0.417613 0.375268 0.408875 0.352500 0.416605 0.329391 0.431875 0.316934 0.446489 0.330798
0 0.469581 0.184167 0.465941 0.202558 0.452500 0.213110 0.440075 0.203166 0.433656 0.184167 0.439033 0.164094 0.452500 0.157631 0.466081 0.164855
0 0.725119 0.495833 0.715903 0.514391 0.701250 0.520649 0.685044 0.513978 0.679549 0.495833 0.683782 0.478216 0.701250 0.468246 0.718470 0.475863
0 0.408457 0.437500 0.405396 0.459213 0.389375 0.469495 0.375297 0.458599 0.367800 0.437500 0.375341 0.414153 0.389375 0.404009 0.402757 0.416765
0 0.326084 0.604167 0.318960 0.623789 0.303750 0.634790 0.290131 0.624457 0.283870 0.604167 0.289934 0.581814 0.303750 0.573889 0.317855 0.583099
0 0.424105 0.551667 0.418335 0.572570 0.404375 0.580484 0.389078 0.573554 0.383384 0.551667 0.388562 0.529909 0.404375 0.524631 0.417666 0.532038
0 0.603470 0.643333 0.599146 0.663237 0.584375 0.675510 0.571123 0.663911 0.565291 0.643333 0.570889 0.622008 0.584375 0.612199 0.598798 0.620596
0 0.546070 0.458333 0.537095 0.478530 0.523125 0.482996 0.506271 0.476768 0.500225 0.458333 0.506337 0.438763 0.523125 0.430065 0.539656 0.440229
0 0.314407 0.337500 0.305758 0.357873 0.288125 0.366083 0.270958 0.356880 0.263543 0.337500 0.270311 0.318524 0.288125 0.308986 0.303955 0.318151
0 0.532503 0.416667 0.526916 0.431193 0.512500 0.440123 0.499875 0.430495 0.492255 0.416667 0.500219 0.402023 0.512500 0.396814 0.525605 0.400037
0 0.501150 0.721667 0.495803 0.746780 0.480000 0.757720 0.464375 0.748119 0.457971 0.721667 0.465529 0.695458 0.480000 0.683781 0.496473 0.697324
0 0.620124 0.328333 0.615352 0.349723 0.600000 0.359470 0.585296 0.352256 0.578504 0.328333 0.583988 0.304136 0.600000 0.298290 0.615858 0.304412
0 0.315590 0.388333 0.308632 0.404470 0.292500 0.411635 0.274771 0.407065 0.268956 0.388333 0.274819 0.370645 0.292500 0.361049 0.309673 0.369874
0 0.386558 0.227500 0.379984 0.248097 0.363750 0.253527 0.347526 0.246500 0.343302 0.227500 0.348267 0.209883 0.363750 0.201285 0.378547 0.207042
0 0.584346 0.429167 0.576067 0.447049 0.563125 0.453554 0.548233 0.446282 0.543208 0.429167 0.548453 0.411784 0.563125 0.405741 0.575685 0.410670
0 0.522565 0.374167 0.516413 0.391877 0.505000 0.396124 0.491998 0.391543 0.486170 0.374167 0.492229 0.356633 0.505000 0.348001 0.516227 0.358703
0 0.592982 0.369167 0.584468 0.386066 0.571250 0.393947 0.556743 0.386817 0.552991 0.369167 0.556440 0.350258 0.571250 0.345405 0.585077 0.351073
0 0.445730 0.440000 0.440669 0.458984 0.427500 0.465564 0.413743 0.456787 0.408324 0.440000 0.413895 0.420885 0.427500 0.417074 0.439599 0.420839
0 0.489200 0.381667 0.482948 0.403347 0.470625 0.407777 0.457631 0.401460 0.452056 0.381667 0.458174 0.363554 0.470625 0.354619 0.484697 0.362534
0 0.442939 0.512500 0.437746 0.529788 0.421250 0.538037 0.405111 0.532562 0.397457 0.512500 0.404381 0.495782 0.421250 0.486652 0.436378 0.495355
0 0.478092 0.658333 0.474704 0.679599 0.458750 0.687164 0.444334 0.681533 0.435862 0.658333 0.443049 0.637777 0.458750 0.626772 0.473451 0.637985
0 0.398548 0.349167 0.391680 0.370764 0.376875 0.383636 0.361423 0.373595 0.355538 0.349167 0.361210 0.324134 0.376875 0.313613 0.390542 0.325827
0 0.493453 0.225833 0.489630 0.245300 0.476875 0.250793 0.463064 0.246677 0.459235 0.225833 0.464769 0.204738 0.476875 0.200012 0.488679 0.205210
0 0.528006 0.112500 0.523113 0.138574 0.507500 0.147154 0.491411 0.137559 0.486419 0.112500 0.491650 0.089974 0.507500 0.078348 0.523453 0.087993
0 0.611511 0.446667 0.605119 0.462897 0.590000 0.472105 0.574384 0.463172 0.569193 0.446667 0.576062 0.428926 0.590000 0.424971 0.605945 0.431641
0 0.335086 0.300833 0.329646 0.322900 0.315625 0.333171 0.301623 0.322695 0.293856 0.300833 0.301654 0.276036 0.315625 0.268607 0.331354 0.278721
0 0.794343 0.520000 0.786331 0.538419 0.771250 0.546655 0.753857 0.540773 0.748327 0.520000 0.756624 0.499842 0.771250 0.489060 0.787067 0.501855
0 0.583541 0.330833 0.577060 0.346999 0.560625 0.353862 0.544463 0.347262 0.537828 0.330833 0.546651 0.313181 0.560625 0.308883 0.575394 0.312052
0 0.474966 0.535833 0.468678 0.556275 0.452500 0.563607 0.435961 0.556648 0.429852 0.535833 0.436706 0.516297 0.452500 0.505957 0.468964 0.514780
0 0.579920 0.254167 0.576876 0.272556 0.563125 0.281618 0.549733 0.270951 0.545068 0.254167 0.551578 0.236613 0.563125 0.228053 0.575865 0.235857
0 0.350006 0.469167 0.342100 0.492188 0.325625 0.500557 0.309049 0.492157 0.299908 0.469167 0.306962 0.446493 0.325625 0.435454 0.342219 0.446956
0 0.751037 0.246667 0.744572 0.269265 0.730625 0.277569 0.716264 0.270734 0.709788 0.246667 0.716099 0.223155 0.730625 0.215437 0.747496 0.224359
0 0.609024 0.522500 0.603549 0.543450 0.586875 0.552686 0.572748 0.541296 0.563163 0.522500 0.570093 0.503879 0.586875 0.497429 0.601335 0.502839
0 0.459324 0.701667 0.454936 0.725922 0.440000 0.732448 0.425956 0.721989 0.420767 0.701667 0.424578 0.680561 0.440000 0.671542 0.455576 0.679083
0 0.671719 0.376667 0.668447 0.394461 0.652500 0.403213 0.636606 0.395566 0.630198 0.376667 0.636549 0.356001 0.652500 0.348646 0.667911 0.356232
0 0.681465 0.147500 0.674363 0.177180 0.658750 0.187862 0.640281 0.179387 0.634116 0.147500 0.643026 0.119059 0.658750 0.103269 0.674379 0.116610
1 0.674428 0.240833 0.662115 0.274600 0.631875 0.287110 0.599256 0.275156 0.585841 0.240833 0.598782 0.207335 0.631875 0.195302 0.664984 0.211358
0 0.373864 0.680833 0.361132 0.699032 0.343125 0.708127 0.324012 0.699298 0.313756 0.680833 0.322039 0.661965 0.343125 0.655972 0.364164 0.663330
0 0.607112 0.284167 0.600692 0.305909 0.587500 0.311947 0.574122 0.304487 0.567584 0.284167 0.573927 0.262827 0.587500 0.254403 0.600635 0.262221
0 0.426508 0.323333 0.419611 0.339388 0.403750 0.349065 0.387458 0.342494 0.383191 0.323333 0.388456 0.306682 0.403750 0.297278 0.418186 0.304636
0 0.596664 0.739167 0.589037 0.760284 0.575625 0.767682 0.561259 0.758967 0.557533 0.739167 0.562015 0.719404 0.575625 0.708763 0.589112 0.718047
0 0.438769 0.283333 0.433216 0.307886 0.418750 0.316073 0.406138 0.308122 0.398733 0.283333 0.405152 0.256182 0.418750 0.247118 0.432577 0.257205
0 0.532467 0.778333 0.525253 0.802856 0.511875 0.810179 0.497296 0.802249 0.492685 0.778333 0.497141 0.756565 0.511875 0.743533 0.525409 0.754182
0 0.757640 0.414167 0.753000 0.431840 0.736875 0.442007 0.720763 0.434456 0.713141 0.414167 0.720470 0.395069 0.736875 0.388910 0.753134 0.396156
0 0.402141 0.210000 0.398642 0.230912 0.383750 0.238489 0.368305 0.231126 0.362798 0.210000 0.370435 0.188849 0.383750 0.177536 0.397235 0.189911
0 0.360079 0.640833 0.351423 0.658259 0.332500 0.666452 0.315588 0.658910 0.305105 0.640833 0.315599 0.621459 0.332500 0.613200 0.352194 0.622145
0 0.403028 0.672500 0.394190 0.693430 0.376875 0.698536 0.359772 0.690507 0.354859 0.672500 0.358675 0.652097 0.376875 0.643755 0.394539 0.652314
0 0.493221 0.134167 0.489668 0.153264 0.474375 0.163785 0.458691 0.154678 0.455345 0.134167 0.459864 0.115827 0.474375 0.108596 0.488182 0.114848
0 0.739312 0.650000 0.735877 0.669339 0.718125 0.677096 0.701562 0.669339 0.694817 0.650000 0.700913 0.630880 0.718125 0.620251 0.735567 0.630172
0 0.785329 0.472500 0.777199 0.493176 0.761875 0.501005 0.745969 0.494141 0.736717 0.472500 0.746678 0.453912 0.761875 0.442409 0.776745 0.450506
0 0.686387 0.329167 0.681871 0.345876 0.668125 0.357232 0.654359 0.348106 0.648421 0.329167 0.655569 0.310250 0.668125 0.305803 0.681436 0.312239
0 0.758637 0.325000 0.747674 0.362329 0.730625 0.370262 0.711924 0.359775 0.703639 0.325000 0.712180 0.293979 0.730625 0.274334 0.748447 0.289488
0 0.646336 0.536667 0.639908 0.553368 0.624375 0.562496 0.609067 0.553566 0.601713 0.536667 0.609582 0.518741 0.624375 0.513767 0.639722 0.517488
0 0.676176 0.653333 0.668092 0.671300 0.650625 0.682622 0.634179 0.672990 0.626055 0.653333 0.632588 0.632960 0.650625 0.624936 0.669365 0.635237
0 0.465494 0.405833 0.458030 0.423804 0.441250 0.429609 0.423804 0.424961 0.417893 0.405833 0.426806 0.388395 0.441250 0.378424 0.456633 0.389345
0 0.379505 0.392500 0.373001 0.410832 0.359375 0.414986 0.344075 0.409318 0.336985 0.392500 0.344012 0.374569 0.359375 0.367205 0.374176 0.375882
0 0.593351 0.683333 0.587954 0.702644 0.571250 0.714095 0.555088 0.703273 0.547947 0.683333 0.555490 0.661314 0.571250 0.651109 0.586463 0.660692
0 0.701408 0.636667 0.694132 0.653926 0.680000 0.663157 0.665545 0.654329 0.661203 0.636667 0.664687 0.616598 0.680000 0.611604 0.694656 0.618269
0 0.418020 0.380833 0.411564 0.403195 0.398125 0.410201 0.384894 0.403966 0.377346 0.380833 0.384408 0.358682 0.398125 0.345087 0.411374 0.359789
0 0.468470 0.752500 0.464898 0.770862 0.447500 0.780336 0.431179 0.770812 0.425748 0.752500 0.432007 0.733453 0.447500 0.722547 0.464670 0.733666
0 0.634219 0.725833 0.627419 0.744139 0.611250 0.750804 0.595502 0.742464 0.586817 0.725833 0.595099 0.709815 0.611250 0.703225 0.628122 0.710024
0 0.522753 0.171667 0.519194 0.190351 0.506875 0.198828 0.494043 0.192375 0.489223 0.171667 0.495286 0.154674 0.506875 0.145009 0.519298 0.153540
0 0.428446 0.746667 0.422425 0.768550 0.409375 0.780561 0.395394 0.772094 0.390507 0.746667 0.395185 0.721043 0.409375 0.716168 0.422657 0.723818
0 0.695723 0.188333 0.689660 0.213216 0.673750 0.223704 0.658813 0.215255 0.650295 0.188333 0.657313 0.163188 0.673750 0.150000 0.690632 0.162242
0 0.546756 0.090833 0.544278 0.113955 0.528750 0.124605 0.515153 0.113158 0.507954 0.090833 0.514679 0.068966 0.528750 0.058910 0.543925 0.067326
0 0.385793 0.170833 0.378900 0.188892 0.362500 0.196084 0.346979 0.192030 0.338421 0.170833 0.346612 0.152274 0.362500 0.141370 0.379640 0.151020
0 0.491351 0.174167 0.486699 0.192261 0.475000 0.197983 0.462760 0.191027 0.458448 0.174167 0.464344 0.157553 0.475000 0.150553 0.486436 0.158781
0 0.561563 0.180000 0.556210 0.203667 0.541875 0.210260 0.526971 0.202023 0.523084 0.180000 0.526233 0.157311 0.541875 0.147580 0.555944 0.156812
0 0.664368 0.440000 0.658328 0.462605 0.645625 0.467682 0.631233 0.460795 0.627937 0.440000 0.630788 0.420322 0.645625 0.410808 0.659425 0.420367
0 0.557563 0.515000 0.549228 0.535475 0.535625 0.541949 0.521452 0.532859 0.513787 0.515000 0.519586 0.495289 0.535625 0.489905 0.550904 0.496157
0 0.645098 0.620000 0.636278 0.641684 0.620000 0.651670 0.601917 0.644462 0.593213 0.620000 0.601581 0.597068 0.620000 0.590876 0.639243 0.595935
0 0.517523 0.334167 0.511468 0.355887 0.497500 0.364299 0.481555 0.354200 0.475038 0.334167 0.481144 0.313900 0.497500 0.302036 0.512567 0.312113
0 0.464096 0.590833 0.458417 0.613076 0.446250 0.621646 0.434986 0.612273 0.428573 0.590833 0.433291 0.568417 0.446250 0.563133 0.458043 0.570606
0 0.292493 0.487500 0.285250 0.505076 0.269375 0.512996 0.252827 0.508256 0.244393 0.487500 0.253195 0.468345 0.269375 0.460555 0.287399 0.466382
0 0.320632 0.560000 0.310386 0.583069 0.290625 0.590333 0.271224 0.581841 0.259302 0.560000 0.267786 0.538414 0.290625 0.530762 0.312687 0.538647
0 0.557864 0.561667 0.554859 0.577713 0.541250 0.583201 0.528098 0.577815 0.524311 0.561667 0.528123 0.545030 0.541250 0.541198 0.552897 0.545056
0 0.787584 0.399167 0.780668 0.416873 0.764375 0.425981 0.746007 0.417514 0.739361 0.399167 0.746136 0.380177 0.764375 0.374376 0.780603 0.381232
0 0.712704 0.693333 0.705244 0.715057 0.689375 0.720869 0.672181 0.715409 0.666572 0.693333 0.673709 0.672020 0.689375 0.665296 0.705988 0.670891
0 0.624884 0.413333 0.617796 0.430169 0.601250 0.433339 0.583008 0.427419 0.578611 0.413333 0.582177 0.397405 0.601250 0.392060 0.620624 0.397391
0 0.480756 0.791667 0.474627 0.814022 0.456875 0.824049 0.440374 0.812621 0.431668 0.791667 0.438362 0.769791 0.456875 0.759968 0.474533 0.770210
0 0.559901 0.715833 0.556531 0.736758 0.543125 0.740697 0.529282 0.733367 0.524146 0.715833 0.530720 0.696977 0.543125 0.690840 0.555786 0.697666
0 0.659489 0.576667 0.651181 0.593255 0.636875 0.603054 0.620982 0.593235 0.614740 0.576667 0.622104 0.558789 0.636875 0.552940 0.652293 0.559897
0 0.768076 0.627500 0.765119 0.645001 0.750625 0.652278 0.736848 0.646678 0.732839 0.627500 0.737236 0.608620 0.750625 0.599446 0.763191 0.608050
0 0.579379 0.479167 0.570876 0.501308 0.555625 0.514729 0.538328 0.501709 0.530946 0.479167 0.539886 0.456355 0.555625 0.447548 0.572223 0.457534
0 0.700133 0.564167 0.694660 0.583528 0.680000 0.590135 0.664470 0.582250 0.658916 0.564167 0.663574 0.546152 0.680000 0.539172 0.694998 0.547502
0 0.628500 0.383333 0.622095 0.400629 0.604375 0.407460 0.587255 0.399458 0.582523 0.383333 0.588190 0.364950 0.604375 0.359197 0.620762 0.365208
0 0.432833 0.602500 0.428811 0.625141 0.414375 0.634039 0.399742 0.621741 0.396406 0.602500 0.401971 0.582368 0.414375 0.572082 0.428987 0.582253
0 0.370517 0.439167 0.366792 0.458189 0.353125 0.464098 0.340081 0.455623 0.334495 0.439167 0.339797 0.422693 0.353125 0.411898 0.365851 0.419199
0 0.400364 0.585833 0.394075 0.601923 0.379375 0.609799 0.365563 0.602657 0.359290 0.585833 0.364579 0.567569 0.379375 0.561523 0.393293 0.569922
0 0.743896 0.466667 0.738040 0.487753 0.721250 0.495630 0.703624 0.486711 0.696824 0.466667 0.703441 0.445131 0.721250 0.440196 0.738179 0.445558
0 0.761871 0.519167 0.753045 0.541815 0.738750 0.547666 0.723128 0.541215 0.718014 0.519167 0.723837 0.496827 0.738750 0.487376 0.753414 0.498961
0 0.302777 0.276667 0.294744 0.296952 0.280000 0.308670 0.263445 0.299186 0.259110 0.276667 0.262500 0.254120 0.280000 0.248757 0.297142 0.253940
0 0.598928 0.543333 0.592234 0.563353 0.574375 0.569934 0.555978 0.563636 0.548520 0.543333 0.556876 0.525172 0.574375 0.516276 0.591421 0.525182
0 0.648904 0.460000 0.641270 0.480599 0.627500 0.490382 0.611973 0.481430 0.607194 0.460000 0.613200 0.438091 0.627500 0.428355 0.642044 0.435601
0 0.686983 0.410000 0.682081 0.432033 0.667500 0.441036 0.652197 0.432487 0.646988 0.410000 0.652409 0.387623 0.667500 0.379215 0.681435 0.386177
0 0.625121 0.495000 0.615745 0.515081 0.599375 0.521442 0.580248 0.515407 0.571424 0.495000 0.579941 0.477710 0.599375 0.470015 0.618634 0.476086
0 0.422621 0.708333 0.414972 0.729695 0.399375 0.743915 0.383985 0.731433 0.377231 0.708333 0.383548 0.686096 0.399375 0.676636 0.415955 0.686278
0 0.553690 0.364167 0.547545 0.381540 0.536250 0.390461 0.524045 0.382464 0.517307 0.364167 0.522929 0.344862 0.536250 0.335946 0.548489 0.344979
0 0.281623 0.408333 0.274270 0.428629 0.255625 0.443128 0.238529 0.429367 0.231443 0.408333 0.238905 0.387328 0.255625 0.373713 0.273299 0.385063
0 0.616110 0.586667 0.611705 0.607435 0.598750 0.615780 0.586190 0.607925 0.581385 0.586667 0.586078 0.567238 0.598750 0.555393 0.612187 0.566123
0 0.723035 0.431667 0.714548 0.454725 0.698750 0.461480 0.683754 0.454376 0.675126 0.431667 0.682447 0.411266 0.698750 0.401616 0.713999 0.409782
0 0.733982 0.198333 0.729677 0.228109 0.708125 0.234785 0.688879 0.224954 0.680266 0.198333 0.686410 0.170860 0.708125 0.161522 0.729710 0.171873
0 0.334732 0.244167 0.324043 0.265195 0.304375 0.270685 0.285125 0.265687 0.272979 0.244167 0.282354 0.222175 0.304375 0.214278 0.326481 0.224236
0 0.279380 0.531667 0.271570 0.551605 0.257500 0.560241 0.241976 0.551777 0.237339 0.531667 0.241420 0.511535 0.257500 0.507045 0.272970 0.512885
0 0.301366 0.629167 0.295077 0.647967 0.280000 0.655572 0.262746 0.648133 0.257324 0.629167 0.264538 0.610565 0.280000 0.600673 0.295815 0.611088
0 0.568551 0.298333 0.564993 0.309841 0.555000 0.314079 0.544801 0.309007 0.542396 0.298333 0.544721 0.285821 0.555000 0.282500 0.565668 0.286558
0 0.271891 0.350833 0.263812 0.371295 0.246875 0.376707 0.230395 0.369395 0.220573 0.350833 0.228911 0.330223 0.246875 0.326011 0.262608 0.332340
0 0.775243 0.575000 0.768730 0.596935 0.752500 0.604085 0.736810 0.597020 0.727243 0.575000 0.737352 0.555263 0.752500 0.544848 0.768339 0.556863
0 0.281324 0.305833 0.275523 0.322438 0.261250 0.329713 0.245447 0.323095 0.239588 0.305833 0.246520 0.286208 0.261250 0.278328 0.276575 0.287598
0 0.342444 0.210833 0.334234 0.230753 0.316250 0.238731 0.295347 0.230579 0.291452 0.210833 0.297859 0.190216 0.316250 0.182774 0.336223 0.192213
0 0.317637 0.667500 0.308543 0.687563 0.293125 0.693404 0.277229 0.687918 0.272261 0.667500 0.276591 0.647935 0.293125 0.638991 0.309939 0.649223
0 0.580953 0.205833 0.577642 0.221463 0.565000 0.229333 0.553765 0.222348 0.548881 0.205833 0.553345 0.188286 0.565000 0.181546 0.576202 0.189259
0 0.674204 0.250000 0.663557 0.281486 0.631250 0.293605 0.602933 0.283810 0.591286 0.250000 0.602210 0.217248 0.631250 0.206925 0.661669 0.219876
0 0.784901 0.300000 0.778991 0.322670 0.765625 0.331308 0.752780 0.321230 0.747783 0.300000 0.751512 0.279467 0.765625 0.272131 0.778709 0.280070
0 0.625804 0.401667 0.617863 0.412671 0.601875 0.419271 0.583668 0.414148 0.579881 0.401667 0.584659 0.389481 0.601875 0.383484 0.617920 0.389986
0 0.625826 0.402500 0.618687 0.418555 0.601875 0.426891 0.584595 0.420092 0.576867 0.402500 0.584640 0.386382 0.601875 0.378506 0.619242 0.386670
0 0.606191 0.532500 0.600075 0.554333 0.583750 0.565234 0.567966 0.555339 0.558311 0.532500 0.568515 0.510652 0.583750 0.498136 0.601150 0.509421
0 0.650456 0.354167 0.644148 0.367165 0.631250 0.372831 0.618993 0.367200 0.612910 0.354167 0.617865 0.341852 0.631250 0.337830 0.643429 0.342017
0 0.674374 0.512619 0.669993 0.536774 0.653472 0.548633 0.637211 0.538991 0.631419 0.512619 0.638847 0.487621 0.653472 0.478428 0.668773 0.486934
0 0.390353 0.741962 0.383824 0.762305 0.370719 0.774205 0.357889 0.763714 0.350619 0.741962 0.357889 0.721930 0.370719 0.711508 0.383481 0.718736
0 0.359517 0.727511 0.354239 0.747973 0.339145 0.758761 0.324875 0.749217 0.318771 0.727511 0.324357 0.705021 0.339145 0.695563 0.354240 0.706875
0 0.686478 0.743219 0.679604 0.768670 0.664310 0.777278 0.647259 0.769509 0.643026 0.743219 0.647678 0.718132 0.664310 0.705481 0.681342 0.717161
