0 0.758625 0.545833 0.748931 0.568809 0.733750 0.579039 0.717606 0.567875 0.707803 0.545833 0.717608 0.525900 0.733750 0.518067 0.751014 0.524900
0 0.413071 0.290000 0.407829 0.311094 0.394375 0.317475 0.378508 0.311470 0.372381 0.290000 0.378384 0.270536 0.394375 0.261612 0.408280 0.271503
0 0.565845 0.468333 0.559009 0.487493 0.542500 0.494888 0.525756 0.487453 0.520333 0.468333 0.526766 0.447059 0.542500 0.439386 0.558836 0.448582
0 0.481322 0.128333 0.472223 0.153023 0.455625 0.160688 0.438326 0.152205 0.433479 0.128333 0.438029 0.103547 0.455625 0.092422 0.472808 0.106981
0 0.763037 0.217500 0.752298 0.240991 0.733125 0.247598 0.714865 0.242436 0.705568 0.217500 0.711724 0.193848 0.733125 0.184404 0.754260 0.194808
0 0.573167 0.214167 0.562897 0.234692 0.544375 0.243954 0.525034 0.235920 0.519937 0.214167 0.526043 0.192574 0.544375 0.184408 0.564663 0.193257
0 0.735020 0.366667 0.730215 0.392757 0.711875 0.400195 0.695553 0.390064 0.687405 0.366667 0.693350 0.342294 0.711875 0.327758 0.729605 0.339384
0 0.573713 0.269167 0.565424 0.291982 0.546250 0.298876 0.528312 0.289449 0.518233 0.269167 0.527619 0.246929 0.546250 0.238476 0.565086 0.247983
0 0.626913 0.589167 0.619892 0.611164 0.603750 0.619218 0.587200 0.608845 0.581756 0.589167 0.588180 0.566949 0.603750 0.562449 0.620967 0.568879
0 0.631997 0.222500 0.623530 0.245774 0.607500 0.253669 0.589718 0.245890 0.582083 0.222500 0.590746 0.198847 0.607500 0.188811 0.624638 0.201319
0 0.697837 0.407500 0.689228 0.430113 0.671250 0.442795 0.651308 0.430592 0.644060 0.407500 0.650774 0.386771 0.671250 0.377040 0.691373 0.385851
0 0.420220 0.571667 0.412687 0.590407 0.396875 0.601692 0.379341 0.590913 0.375524 0.571667 0.379474 0.551720 0.396875 0.542984 0.412138 0.549875
0 0.694617 0.493333 0.683438 0.522870 0.667500 0.529588 0.649776 0.519666 0.641694 0.493333 0.651549 0.468447 0.667500 0.453525 0.684829 0.464608
0 0.628417 0.527500 0.621005 0.555806 0.603750 0.564519 0.587720 0.551953 0.580058 0.527500 0.588360 0.501054 0.603750 0.489889 0.619262 0.502359
0 0.811384 0.508333 0.806227 0.538252 0.787500 0.549630 0.767459 0.538867 0.761941 0.508333 0.769202 0.481229 0.787500 0.465061 0.805981 0.479484
0 0.626038 0.752500 0.620227 0.777064 0.603750 0.786318 0.586987 0.776665 0.581886 0.752500 0.587622 0.729659 0.603750 0.722457 0.618426 0.729772
0 0.610143 0.459167 0.602675 0.484333 0.586250 0.498551 0.570449 0.484573 0.563840 0.459167 0.568940 0.432978 0.586250 0.419431 0.601182 0.430184
0 0.614749 0.279167 0.609614 0.306568 0.593125 0.317085 0.578989 0.305761 0.569173 0.279167 0.576921 0.253039 0.593125 0.245283 0.610045 0.253729
0 0.378420 0.283333 0.369311 0.303337 0.354375 0.311757 0.340391 0.301810 0.332619 0.283333 0.339136 0.262169 0.354375 0.254621 0.369881 0.265049
0 0.598736 0.702500 0.594155 0.734450 0.575625 0.745045 0.559708 0.731063 0.553623 0.702500 0.557844 0.670763 0.575625 0.657893 0.591996 0.670980
0 0.670326 0.751667 0.665045 0.782588 0.645625 0.796778 0.625112 0.783417 0.620107 0.751667 0.626712 0.720997 0.645625 0.707628 0.666389 0.716873
0 0.429199 0.345000 0.424966 0.366448 0.405000 0.370825 0.385000 0.364158 0.380333 0.345000 0.385699 0.324158 0.405000 0.316065 0.422996 0.324017
0 0.789974 0.595833 0.784213 0.616702 0.764375 0.625402 0.747838 0.616923 0.740176 0.595833 0.745279 0.574892 0.764375 0.568013 0.781436 0.576201
0 0.504667 0.651667 0.499006 0.680840 0.483125 0.690744 0.466543 0.678115 0.462863 0.651667 0.467127 0.624808 0.483125 0.614004 0.499358 0.623695
0 0.575272 0.766667 0.568482 0.785990 0.553125 0.793272 0.538324 0.788012 0.530956 0.766667 0.537453 0.747113 0.553125 0.740045 0.568719 0.745670
0 0.546323 0.413333 0.540105 0.440443 0.526875 0.452056 0.512887 0.441925 0.504571 0.413333 0.512974 0.386327 0.526875 0.372286 0.542111 0.386534
0 0.742061 0.657500 0.734850 0.677471 0.716875 0.686835 0.698466 0.678705 0.692233 0.657500 0.699573 0.637803 0.716875 0.629451 0.735582 0.633587
0 0.535603 0.114167 0.524448 0.135454 0.505625 0.146391 0.485683 0.138019 0.478602 0.114167 0.485668 0.090968 0.505625 0.084047 0.525674 0.090941
0 0.389581 0.461667 0.385283 0.485692 0.365625 0.492395 0.346724 0.482331 0.341599 0.461667 0.348531 0.441388 0.365625 0.426978 0.385496 0.438203
0 0.357909 0.493333 0.352085 0.516061 0.330625 0.522988 0.309312 0.516893 0.300720 0.493333 0.311791 0.472235 0.330625 0.459277 0.353452 0.469257
0 0.531253 0.690000 0.525207 0.711636 0.510000 0.717412 0.496202 0.710955 0.488315 0.690000 0.496277 0.671513 0.510000 0.660816 0.525001 0.668952
0 0.466492 0.187500 0.459039 0.206803 0.445000 0.215177 0.431842 0.208466 0.423451 0.187500 0.431319 0.167080 0.445000 0.160595 0.457814 0.167008
0 0.585529 0.532500 0.575840 0.560030 0.556250 0.568562 0.537363 0.561565 0.524832 0.532500 0.535986 0.507177 0.556250 0.493526 0.578249 0.508069
0 0.535645 0.177500 0.526490 0.202995 0.510000 0.212578 0.494401 0.202625 0.484304 0.177500 0.492415 0.150780 0.510000 0.140999 0.525723 0.150319
0 0.547804 0.613333 0.542228 0.641143 0.524375 0.651444 0.505559 0.644402 0.499608 0.613333 0.506706 0.586791 0.524375 0.575825 0.541969 0.585852
0 0.687989 0.701667 0.681757 0.723747 0.665625 0.731670 0.649735 0.724499 0.641469 0.701667 0.648425 0.678671 0.665625 0.673035 0.683966 0.679386
0 0.767967 0.292500 0.761990 0.319541 0.744375 0.329432 0.727596 0.318037 0.722971 0.292500 0.727092 0.265183 0.744375 0.254024 0.761809 0.268467
0 0.772125 0.400000 0.767393 0.419820 0.748125 0.426301 0.730133 0.418710 0.721464 0.400000 0.730383 0.380486 0.748125 0.370473 0.766525 0.380648
0 0.428504 0.634167 0.420372 0.657174 0.399375 0.665785 0.380132 0.657526 0.371716 0.634167 0.379382 0.611051 0.399375 0.600329 0.418373 0.610549
0 0.475837 0.609167 0.468766 0.634153 0.449375 0.641334 0.432028 0.630979 0.420757 0.609167 0.429820 0.584119 0.449375 0.574663 0.467110 0.587082
0 0.638182 0.696667 0.630677 0.717118 0.615000 0.727510 0.599605 0.719106 0.593215 0.696667 0.600976 0.675346 0.615000 0.664601 0.630933 0.674723
0 0.439646 0.697500 0.429670 0.724913 0.413750 0.736612 0.397456 0.726640 0.389780 0.697500 0.394973 0.670676 0.413750 0.654506 0.431038 0.669626
0 0.647052 0.149167 0.642748 0.175016 0.623125 0.187196 0.604491 0.178470 0.599696 0.149167 0.604018 0.123469 0.623125 0.112007 0.642148 0.119516
0 0.794064 0.340000 0.787280 0.369020 0.768125 0.379262 0.748597 0.369927 0.739135 0.340000 0.747392 0.308506 0.768125 0.302487 0.788190 0.309381
0 0.639858 0.640000 0.631405 0.660056 0.612500 0.672852 0.593763 0.660723 0.584378 0.640000 0.592225 0.618847 0.612500 0.610677 0.633404 0.619909
0 0.677019 0.646667 0.670646 0.667259 0.656875 0.678723 0.641396 0.670413 0.636094 0.646667 0.643193 0.623346 0.656875 0.615997 0.671907 0.624442
0 0.649722 0.507500 0.643786 0.525811 0.630000 0.530761 0.617916 0.527544 0.612902 0.507500 0.616707 0.488629 0.630000 0.479850 0.642105 0.489342
0 0.464201 0.745000 0.458132 0.768075 0.443125 0.780458 0.426775 0.766257 0.419881 0.745000 0.427866 0.722780 0.443125 0.714048 0.457236 0.721915
0 0.362439 0.553333 0.356646 0.572454 0.339375 0.582641 0.321941 0.574988 0.316066 0.553333 0.319488 0.530671 0.339375 0.525981 0.355822 0.531952
0 0.472878 0.419167 0.465388 0.440249 0.452500 0.448213 0.439190 0.442805 0.434842 0.419167 0.439575 0.398051 0.452500 0.385962 0.465357 0.397618
0 0.737100 0.428333 0.731737 0.448231 0.713125 0.454836 0.696676 0.448162 0.687810 0.428333 0.695521 0.409837 0.713125 0.403393 0.729641 0.409955
0 0.533556 0.354167 0.525274 0.376317 0.505625 0.387941 0.487790 0.376361 0.479699 0.354167 0.488097 0.332241 0.505625 0.317317 0.524615 0.327600
0 0.557090 0.717500 0.551848 0.737471 0.539375 0.748602 0.526865 0.736176 0.519546 0.717500 0.526208 0.695777 0.539375 0.687551 0.552868 0.695066
0 0.686742 0.352500 0.679444 0.376360 0.663125 0.391595 0.646969 0.375342 0.638473 0.352500 0.646362 0.328101 0.663125 0.313257 0.680210 0.329459
0 0.504770 0.309167 0.498023 0.329601 0.483750 0.338683 0.468468 0.328592 0.461235 0.309167 0.468006 0.290776 0.483750 0.281606 0.499580 0.290160
0 0.766635 0.492500 0.759934 0.512607 0.741875 0.525655 0.725802 0.514919 0.719424 0.492500 0.725997 0.469332 0.741875 0.464615 0.758543 0.471456
0 0.464601 0.307500 0.458573 0.327493 0.438750 0.337564 0.419095 0.327765 0.412330 0.307500 0.418559 0.287740 0.438750 0.275760 0.458988 0.288643
0 0.790347 0.450000 0.783976 0.470718 0.765000 0.482541 0.745881 0.474291 0.737219 0.450000 0.744583 0.428814 0.765000 0.415191 0.784321 0.426733
0 0.720391 0.524167 0.713581 0.543109 0.696250 0.554073 0.681071 0.544519 0.675686 0.524167 0.679705 0.504502 0.696250 0.495674 0.711753 0.505339
0 0.436313 0.160000 0.429143 0.183071 0.416250 0.190482 0.402612 0.181857 0.396360 0.160000 0.402429 0.136920 0.416250 0.130646 0.429317 0.137550
0 0.584076 0.318333 0.577137 0.338077 0.559375 0.345124 0.542567 0.340166 0.538383 0.318333 0.544564 0.296855 0.559375 0.290924 0.576368 0.296446
0 0.796275 0.645000 0.789973 0.663311 0.773750 0.670058 0.755431 0.663046 0.747630 0.645000 0.757721 0.627615 0.773750 0.619617 0.791764 0.625460
0 0.500405 0.714167 0.495809 0.738686 0.476875 0.751308 0.459625 0.738191 0.450999 0.714167 0.459570 0.686990 0.476875 0.678589 0.493723 0.690652
0 0.400186 0.373333 0.396437 0.391591 0.381875 0.398659 0.369412 0.390283 0.362486 0.373333 0.366857 0.354992 0.381875 0.346544 0.394544 0.354883
0 0.603721 0.192500 0.598457 0.213733 0.583750 0.221923 0.567589 0.211937 0.563134 0.192500 0.569789 0.173059 0.583750 0.163234 0.599016 0.174427
0 0.560516 0.664167 0.556480 0.682635 0.540625 0.691956 0.526505 0.684893 0.521034 0.664167 0.526500 0.644998 0.540625 0.634595 0.554526 0.646573
0 0.738730 0.285833 0.726373 0.324732 0.704375 0.333777 0.681284 0.325954 0.671324 0.285833 0.682073 0.248330 0.704375 0.237187 0.729049 0.251644
0 0.367592 0.409167 0.361035 0.430308 0.344375 0.439961 0.327575 0.431355 0.324686 0.409167 0.330300 0.387234 0.344375 0.382873 0.360226 0.390301
0 0.534735 0.752500 0.526811 0.774400 0.513750 0.782337 0.498476 0.776023 0.495155 0.752500 0.500987 0.731729 0.513750 0.719418 0.527079 0.728026
0 0.581386 0.154167 0.576249 0.178638 0.555000 0.186556 0.534859 0.178597 0.524937 0.154167 0.535218 0.130890 0.555000 0.121269 0.573003 0.132302
0 0.748395 0.600000 0.737935 0.624958 0.719375 0.634027 0.700209 0.624486 0.689925 0.600000 0.702041 0.573205 0.719375 0.564725 0.738891 0.573190
0 0.341488 0.265000 0.333469 0.285273 0.319375 0.290117 0.303786 0.284775 0.299539 0.265000 0.304198 0.245711 0.319375 0.239651 0.332744 0.246218
0 0.496664 0.212500 0.491517 0.235518 0.477500 0.241788 0.461553 0.235395 0.457730 0.212500 0.461296 0.190524 0.477500 0.183624 0.493335 0.188632
0 0.650680 0.301667 0.642424 0.319858 0.628125 0.328380 0.612538 0.321107 0.605291 0.301667 0.611791 0.281098 0.628125 0.273952 0.644706 0.282823
0 0.478743 0.364167 0.471480 0.382460 0.456250 0.392572 0.439424 0.382631 0.434242 0.364167 0.440819 0.344909 0.456250 0.334294 0.471790 0.343294
0 0.647010 0.393333 0.640520 0.415072 0.623750 0.419931 0.607166 0.415135 0.599400 0.393333 0.607710 0.371347 0.623750 0.362340 0.639203 0.372981
0 0.436171 0.251667 0.431123 0.271832 0.410625 0.283086 0.391896 0.272936 0.382501 0.251667 0.389550 0.229049 0.410625 0.217452 0.431834 0.230314
0 0.832298 0.436667 0.821455 0.456816 0.802500 0.466509 0.783911 0.457331 0.774848 0.436667 0.781900 0.416903 0.802500 0.406521 0.823518 0.417189
0 0.591469 0.620000 0.583410 0.647784 0.568750 0.658747 0.552624 0.650177 0.545898 0.620000 0.554133 0.590532 0.568750 0.579437 0.583155 0.591698
0 0.444190 0.399167 0.435900 0.424956 0.420000 0.430911 0.403678 0.423458 0.396733 0.399167 0.403832 0.374352 0.420000 0.365363 0.435327 0.372944
0 0.397719 0.520000 0.392976 0.544674 0.375000 0.554288 0.357404 0.543480 0.350744 0.520000 0.356687 0.496232 0.375000 0.485008 0.391682 0.496698
0 0.448817 0.515000 0.441470 0.535991 0.422500 0.542206 0.404747 0.534447 0.394024 0.515000 0.405444 0.493234 0.422500 0.486799 0.441796 0.495438
0 0.479114 0.256667 0.474686 0.279995 0.459375 0.288072 0.443047 0.278399 0.436747 0.256667 0.444363 0.234300 0.459375 0.224072 0.473996 0.236303
0 0.519731 0.259167 0.516611 0.283473 0.500625 0.290231 0.487395 0.283051 0.480618 0.259167 0.487390 0.237883 0.500625 0.227530 0.514188 0.234059
0 0.627402 0.346667 0.621202 0.367770 0.600000 0.380999 0.581127 0.369811 0.574584 0.346667 0.582171 0.323019 0.600000 0.316154 0.617850 0.324765
0 0.391472 0.216667 0.382996 0.239797 0.366250 0.244096 0.347938 0.236378 0.343121 0.216667 0.350093 0.196797 0.366250 0.188043 0.382838 0.193851
0 0.459222 0.556667 0.455083 0.572726 0.437500 0.581395 0.419159 0.574189 0.412288 0.556667 0.419313 0.539130 0.437500 0.529941 0.455689 0.540566
0 0.502578 0.510000 0.495833 0.529002 0.475000 0.537595 0.454103 0.530985 0.445806 0.510000 0.453675 0.488205 0.475000 0.481917 0.495699 0.489766
0 0.499836 0.561667 0.496514 0.582950 0.480000 0.587949 0.466343 0.582191 0.459725 0.561667 0.464260 0.541253 0.480000 0.532193 0.494525 0.543284
0 0.719045 0.470833 0.711300 0.489561 0.696250 0.494150 0.682526 0.487569 0.674927 0.470833 0.679892 0.452186 0.696250 0.446224 0.712728 0.452715
0 0.360816 0.658333 0.354924 0.680827 0.331250 0.690284 0.310250 0.682684 0.301054 0.658333 0.307146 0.637356 0.331250 0.625827 0.352950 0.637979
0 0.501819 0.779167 0.496780 0.798331 0.483750 0.806393 0.470417 0.798270 0.462074 0.779167 0.469474 0.756803 0.483750 0.751287 0.497324 0.759096
0 0.336360 0.380000 0.329390 0.399899 0.316250 0.407291 0.302492 0.398469 0.299202 0.380000 0.303883 0.360507 0.316250 0.351148 0.329316 0.360635
0 0.401173 0.420833 0.398144 0.439980 0.383125 0.444390 0.370451 0.439531 0.363171 0.420833 0.369553 0.401500 0.383125 0.395123 0.397711 0.402527
0 0.587262 0.379167 0.578771 0.399138 0.558750 0.405675 0.537432 0.400349 0.532823 0.379167 0.539737 0.357749 0.558750 0.349939 0.577892 0.358510
0 0.367663 0.335833 0.358559 0.368703 0.338125 0.379983 0.316557 0.371023 0.305868 0.335833 0.317318 0.306644 0.338125 0.289965 0.361675 0.300773
0 0.384049 0.603333 0.374795 0.625368 0.355000 0.631935 0.333535 0.625175 0.327298 0.603333 0.334538 0.579432 0.355000 0.569302 0.376684 0.581821
0 0.610947 0.414167 0.604597 0.430057 0.589375 0.437715 0.573417 0.432538 0.568857 0.414167 0.572785 0.396911 0.589375 0.387896 0.605363 0.397518
0 0.470698 0.669167 0.463655 0.690485 0.448750 0.698764 0.435370 0.688711 0.428852 0.669167 0.434328 0.649437 0.448750 0.641952 0.463748 0.648528
0 0.660766 0.454167 0.650675 0.478901 0.632500 0.484778 0.614967 0.476563 0.605229 0.454167 0.613393 0.430418 0.632500 0.424146 0.650678 0.431316
0 0.508156 0.407500 0.501699 0.428317 0.488125 0.436882 0.472870 0.428269 0.466180 0.407500 0.472621 0.385634 0.488125 0.377437 0.502642 0.387871
0 0.540967 0.550833 0.535675 0.570671 0.522500 0.579591 0.509080 0.572918 0.501947 0.550833 0.509492 0.530833 0.522500 0.521033 0.536134 0.528960
0 0.432198 0.459167 0.427765 0.479417 0.411250 0.486038 0.396271 0.480426 0.391939 0.459167 0.394930 0.439468 0.411250 0.429215 0.426738 0.437263
0 0.539965 0.310000 0.532741 0.328357 0.519375 0.332796 0.506680 0.327800 0.498383 0.310000 0.505636 0.291463 0.519375 0.286093 0.532368 0.291092
0 0.700372 0.243333 0.691611 0.281198 0.666250 0.302391 0.640079 0.285811 0.626072 0.243333 0.639523 0.206375 0.666250 0.183507 0.694376 0.207331
0 0.499711 0.462500 0.491329 0.479677 0.476250 0.486896 0.459803 0.479031 0.451962 0.462500 0.461158 0.448096 0.476250 0.440731 0.493580 0.445525
0 0.329605 0.608333 0.322474 0.627886 0.308125 0.638113 0.292001 0.628672 0.284618 0.608333 0.291630 0.585799 0.308125 0.579729 0.322197 0.585338
0 0.386201 0.695000 0.381649 0.715854 0.363125 0.721230 0.345386 0.713880 0.336616 0.695000 0.346780 0.674575 0.363125 0.668075 0.381579 0.675100
0 0.309134 0.514167 0.305288 0.532833 0.288750 0.542186 0.273449 0.532405 0.265219 0.514167 0.272185 0.494187 0.288750 0.484498 0.305835 0.495931
0 0.703684 0.610000 0.693982 0.632567 0.678125 0.638903 0.660706 0.633211 0.652856 0.610000 0.660119 0.588663 0.678125 0.582111 0.697071 0.587160
0 0.733620 0.733333 0.727439 0.756165 0.706250 0.769139 0.687676 0.758282 0.676680 0.733333 0.684258 0.709454 0.706250 0.700490 0.724898 0.709163
0 0.523515 0.562500 0.518434 0.580783 0.504375 0.590373 0.492807 0.580662 0.485206 0.562500 0.492162 0.543168 0.504375 0.537499 0.518097 0.544578
0 0.512956 0.215833 0.504087 0.236053 0.484375 0.241685 0.465333 0.235539 0.459995 0.215833 0.465013 0.194691 0.484375 0.188327 0.504594 0.194913
0 0.686009 0.570000 0.676372 0.597289 0.658750 0.611461 0.639860 0.595845 0.630979 0.570000 0.639823 0.540376 0.658750 0.527830 0.676571 0.540893
0 0.442764 0.218333 0.435831 0.233410 0.421875 0.241598 0.406331 0.234513 0.401871 0.218333 0.407866 0.201554 0.421875 0.194827 0.437351 0.202211
0 0.615162 0.130000 0.609268 0.148679 0.595625 0.155788 0.581413 0.150693 0.576972 0.130000 0.581657 0.108876 0.595625 0.099859 0.608825 0.111345
0 0.532800 0.555833 0.525388 0.581634 0.509375 0.589843 0.494529 0.580019 0.485556 0.555833 0.493377 0.532267 0.509375 0.523834 0.526553 0.530752
0 0.721189 0.155000 0.717418 0.174270 0.701250 0.183994 0.686778 0.173716 0.678600 0.155000 0.684966 0.133476 0.701250 0.125643 0.714792 0.136495
0 0.815468 0.573333 0.805017 0.593695 0.784375 0.605084 0.763653 0.595417 0.752302 0.573333 0.763766 0.554013 0.784375 0.540816 0.804442 0.550331
0 0.401771 0.173333 0.397520 0.192605 0.382500 0.200430 0.367629 0.191388 0.360769 0.173333 0.367475 0.154853 0.382500 0.143053 0.396770 0.153886
0 0.496685 0.451667 0.493424 0.476183 0.476250 0.486781 0.461549 0.472921 0.454050 0.451667 0.461727 0.426904 0.476250 0.415861 0.492211 0.429403
0 0.640450 0.210833 0.632240 0.231955 0.618750 0.238797 0.603919 0.231169 0.597051 0.210833 0.603236 0.189519 0.618750 0.182682 0.633308 0.190594
0 0.495965 0.437500 0.492837 0.451027 0.478125 0.457304 0.463329 0.453601 0.457885 0.437500 0.464878 0.421416 0.478125 0.416410 0.490577 0.422865
0 0.722832 0.300000 0.714450 0.327296 0.696250 0.337254 0.679381 0.327098 0.670621 0.300000 0.677185 0.270683 0.696250 0.263503 0.715656 0.272503
0 0.304428 0.400833 0.296361 0.420356 0.281875 0.429842 0.266114 0.419349 0.260434 0.400833 0.265815 0.382461 0.281875 0.374651 0.297669 0.382270
0 0.349602 0.315833 0.340928 0.335727 0.325625 0.340105 0.308077 0.333990 0.300724 0.315833 0.308320 0.298766 0.325625 0.292527 0.341965 0.298046
0 0.737102 0.278333 0.730780 0.309673 0.711875 0.320024 0.694779 0.312523 0.684767 0.278333 0.692531 0.247736 0.711875 0.230478 0.728672 0.244386
0 0.519720 0.561667 0.513005 0.582529 0.490000 0.591196 0.468777 0.583412 0.457890 0.561667 0.468119 0.539974 0.490000 0.535333 0.512233 0.542314
1 0.707854 0.243333 0.691773 0.277783 0.665000 0.299239 0.633170 0.276987 0.627044 0.243333 0.633454 0.203667 0.665000 0.187217 0.696047 0.208134
0 0.369292 0.346667 0.361408 0.370745 0.346250 0.383511 0.330089 0.371175 0.324471 0.346667 0.329979 0.321086 0.346250 0.311005 0.361387 0.324111
0 0.824798 0.370000 0.818434 0.399508 0.806875 0.411860 0.793041 0.395382 0.790152 0.370000 0.795283 0.342088 0.806875 0.331378 0.818810 0.342612
0 0.352355 0.225000 0.347727 0.241534 0.334375 0.251125 0.320356 0.242525 0.317822 0.225000 0.320957 0.208273 0.334375 0.201743 0.346675 0.206363
0 0.737210 0.261667 0.731965 0.281082 0.715625 0.287621 0.700986 0.282451 0.695818 0.261667 0.699953 0.242843 0.715625 0.235248 0.730576 0.243394
0 0.700393 0.588333 0.692956 0.625283 0.668750 0.642827 0.646875 0.629069 0.633274 0.588333 0.647746 0.549506 0.668750 0.531508 0.689809 0.547692
0 0.623592 0.226667 0.618356 0.243003 0.603750 0.252652 0.590062 0.243879 0.584620 0.226667 0.590065 0.208235 0.603750 0.203551 0.617219 0.210157
0 0.344154 0.419167 0.336043 0.435870 0.323750 0.440129 0.310131 0.435186 0.305044 0.419167 0.309216 0.403775 0.323750 0.395143 0.336332 0.401696
0 0.500740 0.434167 0.495209 0.445459 0.483125 0.450918 0.470777 0.445434 0.465212 0.434167 0.471353 0.422230 0.483125 0.415118 0.495146 0.422141
0 0.311841 0.338333 0.303174 0.362680 0.288750 0.373052 0.274027 0.366015 0.268800 0.338333 0.272746 0.311609 0.288750 0.304994 0.305033 0.312084
0 0.407309 0.752644 0.400933 0.779512 0.381558 0.791637 0.362612 0.777628 0.353150 0.752644 0.363641 0.728167 0.381558 0.717514 0.399891 0.725861
0 0.642071 0.809823 0.636055 0.826462 0.614358 0.833804 0.595599 0.827231 0.584955 0.809823 0.595089 0.793242 0.614358 0.786835 0.634629 0.791270
0 0.548690 0.817991 0.542149 0.839553 0.520107 0.852580 0.498273 0.838833 0.492455 0.817991 0.501708 0.793604 0.520107 0.783162 0.542455 0.797480
0 0.839777 0.482459 0.834913 0.508174 0.825950 0.516883 0.816231 0.504179 0.813806 0.482459 0.816495 0.460585 0.825950 0.450095 0.835987 0.457928
