0 0.704901 0.158333 0.697080 0.179882 0.680625 0.190999 0.661778 0.182411 0.655466 0.158333 0.661987 0.136868 0.680625 0.123262 0.700508 0.136455
0 0.797816 0.488333 0.791723 0.510063 0.773125 0.520169 0.753770 0.511327 0.746764 0.488333 0.755058 0.466584 0.773125 0.458190 0.790611 0.468813
0 0.733064 0.194167 0.724324 0.218937 0.703750 0.227232 0.684700 0.216653 0.675732 0.194167 0.686030 0.170307 0.703750 0.163896 0.724056 0.169306
0 0.644823 0.315833 0.639813 0.334058 0.624375 0.340648 0.609687 0.333726 0.604622 0.315833 0.611204 0.296103 0.624375 0.288277 0.640284 0.298104
0 0.618368 0.661667 0.608333 0.684441 0.592500 0.692120 0.574397 0.683199 0.570780 0.661667 0.574247 0.637986 0.592500 0.631529 0.610159 0.636293
0 0.748050 0.240833 0.742130 0.262366 0.724375 0.270742 0.707544 0.264177 0.699508 0.240833 0.707145 0.219044 0.724375 0.207252 0.741994 0.217742
0 0.385737 0.329167 0.376836 0.348896 0.363750 0.356201 0.349350 0.348468 0.342882 0.329167 0.350754 0.308912 0.363750 0.297764 0.378200 0.309859
0 0.692431 0.320833 0.684648 0.343959 0.668125 0.350233 0.651015 0.345958 0.644845 0.320833 0.650243 0.298769 0.668125 0.288012 0.685983 0.295564
0 0.489582 0.115000 0.482127 0.137850 0.465625 0.149833 0.450865 0.137802 0.445385 0.115000 0.450490 0.093143 0.465625 0.084728 0.482597 0.091484
0 0.590834 0.742500 0.585656 0.769605 0.566875 0.777699 0.551223 0.767580 0.541270 0.742500 0.549529 0.719214 0.566875 0.704065 0.582577 0.718815
0 0.728791 0.449167 0.721592 0.465794 0.705000 0.475508 0.688142 0.468692 0.679244 0.449167 0.687388 0.429840 0.705000 0.421001 0.722502 0.429265
0 0.688271 0.561667 0.683824 0.581169 0.666250 0.588808 0.649191 0.584502 0.640746 0.561667 0.650571 0.541013 0.666250 0.531361 0.682216 0.541243
0 0.622456 0.114167 0.617637 0.138195 0.600625 0.151130 0.584738 0.141564 0.578072 0.114167 0.584257 0.089191 0.600625 0.081547 0.616512 0.086848
0 0.396788 0.265000 0.390288 0.289489 0.374375 0.297933 0.355948 0.289406 0.348150 0.265000 0.358862 0.244574 0.374375 0.231340 0.392102 0.241019
0 0.736534 0.588333 0.731213 0.607671 0.712500 0.619303 0.693241 0.608558 0.687752 0.588333 0.693349 0.568453 0.712500 0.558160 0.728593 0.569510
0 0.772116 0.531667 0.764597 0.554284 0.746875 0.563448 0.729598 0.555318 0.723429 0.531667 0.730990 0.507913 0.746875 0.501892 0.762373 0.510086
0 0.685168 0.450833 0.678403 0.473024 0.664375 0.482261 0.651031 0.470201 0.642579 0.450833 0.648406 0.429257 0.664375 0.422072 0.678652 0.431790
0 0.395458 0.480833 0.388173 0.498492 0.374375 0.504411 0.360861 0.498177 0.353833 0.480833 0.358917 0.461253 0.374375 0.454729 0.388045 0.464311
0 0.386690 0.670833 0.380645 0.696067 0.363125 0.704747 0.344121 0.694853 0.339067 0.670833 0.345642 0.646013 0.363125 0.639060 0.381358 0.647683
0 0.446594 0.484167 0.438271 0.508558 0.422500 0.515761 0.407228 0.507157 0.400358 0.484167 0.407086 0.461178 0.422500 0.449857 0.437192 0.460574
0 0.639044 0.572500 0.634266 0.593033 0.618750 0.598871 0.604837 0.592081 0.597222 0.572500 0.602473 0.551920 0.618750 0.545052 0.632885 0.553907
0 0.712860 0.495000 0.704401 0.513611 0.686875 0.519368 0.668117 0.514422 0.658254 0.495000 0.669587 0.475034 0.686875 0.467530 0.704020 0.474377
0 0.703196 0.625833 0.696720 0.645366 0.678125 0.657722 0.660049 0.648034 0.653494 0.625833 0.662532 0.603713 0.678125 0.596518 0.696814 0.604841
0 0.772655 0.460000 0.763796 0.482807 0.746250 0.491920 0.727536 0.480407 0.720396 0.460000 0.726833 0.439712 0.746250 0.432894 0.764239 0.438457
0 0.802822 0.406667 0.792847 0.429209 0.775625 0.438561 0.757406 0.429983 0.747627 0.406667 0.757604 0.384441 0.775625 0.379161 0.793111 0.386633
0 0.747238 0.410000 0.740735 0.429625 0.726250 0.434615 0.710185 0.429344 0.703375 0.410000 0.709320 0.391820 0.726250 0.384147 0.741162 0.389865
0 0.631387 0.210833 0.626056 0.232755 0.608750 0.243953 0.592908 0.234487 0.584064 0.210833 0.593497 0.187122 0.608750 0.181483 0.626488 0.187121
0 0.418458 0.640000 0.411449 0.657008 0.396875 0.664191 0.380721 0.660104 0.376161 0.640000 0.381345 0.622957 0.396875 0.612272 0.413397 0.622161
0 0.590715 0.606667 0.583791 0.627802 0.567500 0.636932 0.551494 0.628381 0.544640 0.606667 0.551618 0.587454 0.567500 0.575790 0.582346 0.584402
0 0.432657 0.233333 0.425132 0.253506 0.408125 0.262750 0.390278 0.251614 0.385150 0.233333 0.391583 0.214746 0.408125 0.206692 0.424060 0.214857
0 0.457643 0.386667 0.449787 0.402719 0.435000 0.412782 0.421323 0.403994 0.413467 0.386667 0.419434 0.370634 0.435000 0.359366 0.448714 0.369336
0 0.660217 0.480000 0.653012 0.502001 0.636875 0.509714 0.621780 0.498923 0.615343 0.480000 0.621280 0.460940 0.636875 0.449237 0.653682 0.460976
0 0.770410 0.373333 0.762003 0.388914 0.741250 0.394510 0.721817 0.388646 0.715414 0.373333 0.721941 0.357610 0.741250 0.348588 0.760065 0.357186
0 0.471370 0.535833 0.464456 0.557138 0.450000 0.566518 0.435582 0.559565 0.428857 0.535833 0.435916 0.514030 0.450000 0.500802 0.465823 0.512090
0 0.590946 0.453333 0.585360 0.469132 0.572500 0.474694 0.560179 0.469179 0.553509 0.453333 0.559747 0.438415 0.572500 0.432991 0.585975 0.438048
0 0.725923 0.540833 0.718947 0.561515 0.701875 0.571815 0.686274 0.561270 0.676952 0.540833 0.684956 0.520958 0.701875 0.509979 0.717435 0.518797
0 0.375547 0.612500 0.369735 0.631181 0.352500 0.641072 0.336092 0.631419 0.327288 0.612500 0.337064 0.591912 0.352500 0.580804 0.370305 0.591405
0 0.338055 0.415000 0.331342 0.433496 0.317500 0.439592 0.301005 0.433378 0.296367 0.415000 0.301549 0.396978 0.317500 0.386588 0.331336 0.395891
0 0.620580 0.427500 0.612994 0.444794 0.598750 0.451828 0.583663 0.445263 0.577386 0.427500 0.583982 0.407498 0.598750 0.402795 0.612643 0.407458
0 0.558290 0.435000 0.551969 0.455377 0.533750 0.462163 0.518491 0.453401 0.510012 0.435000 0.515849 0.415131 0.533750 0.409779 0.551432 0.415754
0 0.603246 0.320833 0.597642 0.340814 0.584375 0.344523 0.570236 0.339113 0.563124 0.320833 0.571506 0.303552 0.584375 0.296443 0.599261 0.302362
0 0.377067 0.392500 0.372780 0.411271 0.355000 0.420984 0.337810 0.413830 0.329309 0.392500 0.339181 0.370329 0.355000 0.363054 0.372046 0.372097
0 0.653561 0.421667 0.647585 0.444033 0.634375 0.450496 0.620903 0.440961 0.615640 0.421667 0.618916 0.402183 0.634375 0.393007 0.649334 0.401715
0 0.435875 0.284167 0.430641 0.302103 0.415625 0.308873 0.402296 0.304173 0.396563 0.284167 0.399641 0.265988 0.415625 0.256210 0.429316 0.264438
0 0.564516 0.572500 0.560730 0.593873 0.546250 0.600472 0.532167 0.592350 0.526476 0.572500 0.531860 0.551182 0.546250 0.540961 0.560513 0.550155
0 0.480099 0.724167 0.472941 0.749235 0.456250 0.761320 0.441463 0.748586 0.431834 0.724167 0.439488 0.699570 0.456250 0.691263 0.471345 0.702142
0 0.547046 0.530000 0.542126 0.548513 0.526875 0.554835 0.512219 0.548348 0.505791 0.530000 0.512134 0.512612 0.526875 0.500752 0.541247 0.511604
0 0.535460 0.745000 0.525460 0.767797 0.510625 0.777443 0.495810 0.770904 0.486700 0.745000 0.495804 0.720603 0.510625 0.713535 0.525705 0.722890
0 0.540342 0.678333 0.534589 0.703998 0.520625 0.714853 0.505406 0.700340 0.498225 0.678333 0.505745 0.653063 0.520625 0.642970 0.535276 0.655486
0 0.705350 0.403333 0.698021 0.421459 0.683125 0.429134 0.666731 0.423812 0.658152 0.403333 0.666680 0.383683 0.683125 0.377572 0.698352 0.382002
0 0.748100 0.641667 0.737695 0.660144 0.722500 0.667808 0.705760 0.662407 0.697361 0.641667 0.705842 0.622137 0.722500 0.611206 0.739955 0.620305
0 0.326769 0.455833 0.321021 0.472877 0.302500 0.480656 0.284269 0.473585 0.276199 0.455833 0.285409 0.438250 0.302500 0.433528 0.319744 0.438148
0 0.407922 0.128333 0.402852 0.152201 0.384375 0.157401 0.367410 0.150228 0.358523 0.128333 0.365038 0.108025 0.384375 0.094364 0.401529 0.103972
0 0.379052 0.180000 0.371164 0.207152 0.353125 0.214303 0.335131 0.205975 0.322273 0.180000 0.334449 0.156392 0.353125 0.147765 0.372495 0.153189
0 0.721955 0.277500 0.714077 0.297631 0.694375 0.309016 0.674451 0.298361 0.669831 0.277500 0.675119 0.256257 0.694375 0.249056 0.713957 0.258658
0 0.661493 0.529167 0.657508 0.546644 0.638750 0.557557 0.621222 0.548042 0.613450 0.529167 0.620503 0.510147 0.638750 0.503462 0.656912 0.510953
0 0.475838 0.426667 0.472747 0.446009 0.457500 0.453400 0.443822 0.442668 0.437347 0.426667 0.444078 0.409110 0.457500 0.402349 0.471204 0.408544
0 0.478362 0.260833 0.473564 0.280538 0.455625 0.290212 0.439024 0.279094 0.431880 0.260833 0.437620 0.240860 0.455625 0.231406 0.472187 0.240538
0 0.350703 0.341667 0.343685 0.360480 0.326250 0.369881 0.309000 0.360230 0.300692 0.341667 0.308246 0.322566 0.326250 0.313258 0.342331 0.321830
0 0.355993 0.230833 0.351023 0.250879 0.334375 0.261772 0.318353 0.252800 0.313117 0.230833 0.319656 0.211150 0.334375 0.199842 0.349385 0.212066
0 0.593676 0.505000 0.588626 0.528146 0.571250 0.539254 0.554131 0.525956 0.547337 0.505000 0.555565 0.484770 0.571250 0.475856 0.588638 0.484167
0 0.656673 0.154167 0.651502 0.176245 0.635625 0.189864 0.619032 0.176578 0.611385 0.154167 0.618791 0.132857 0.635625 0.120883 0.651690 0.131519
0 0.360229 0.500833 0.351154 0.523359 0.334375 0.535595 0.316085 0.523462 0.308373 0.500833 0.317392 0.478861 0.334375 0.465357 0.352666 0.476418
0 0.509089 0.663333 0.500687 0.684797 0.486250 0.699945 0.470409 0.686448 0.464338 0.663333 0.470641 0.637518 0.486250 0.629584 0.500240 0.638529
0 0.454284 0.590833 0.448798 0.609128 0.435625 0.615848 0.422923 0.610850 0.414915 0.590833 0.420800 0.573994 0.435625 0.563932 0.449941 0.571099
0 0.508192 0.443333 0.505143 0.465753 0.489375 0.473220 0.473979 0.463595 0.470078 0.443333 0.474366 0.422336 0.489375 0.411670 0.502946 0.419668
0 0.507402 0.379167 0.497236 0.402843 0.480000 0.413517 0.461412 0.406555 0.455075 0.379167 0.460900 0.356234 0.480000 0.342627 0.495988 0.353175
0 0.436683 0.547500 0.433842 0.566340 0.416875 0.573383 0.400336 0.566247 0.396826 0.547500 0.400163 0.528932 0.416875 0.523286 0.430811 0.530690
0 0.546222 0.625000 0.541445 0.642986 0.522500 0.648784 0.503507 0.641488 0.496417 0.625000 0.506266 0.608514 0.522500 0.599026 0.539637 0.605970
0 0.493457 0.216667 0.488570 0.237316 0.471250 0.247597 0.454927 0.234922 0.448599 0.216667 0.454059 0.194665 0.471250 0.186256 0.488071 0.196178
0 0.476198 0.476667 0.470493 0.495021 0.458750 0.503402 0.446489 0.494782 0.440504 0.476667 0.445443 0.458765 0.458750 0.450968 0.470845 0.458297
0 0.524475 0.242500 0.517077 0.267275 0.501875 0.273484 0.484725 0.263329 0.480771 0.242500 0.484165 0.219271 0.501875 0.211148 0.517589 0.218943
0 0.687823 0.245833 0.678816 0.268381 0.664375 0.278020 0.648244 0.268992 0.642513 0.245833 0.648690 0.224156 0.664375 0.210768 0.679346 0.221116
0 0.653608 0.630833 0.647245 0.648848 0.628125 0.657650 0.610237 0.650961 0.603468 0.630833 0.608206 0.611267 0.628125 0.600634 0.645464 0.609977
0 0.508914 0.540833 0.502249 0.559261 0.488750 0.564459 0.474599 0.557493 0.470335 0.540833 0.473820 0.525266 0.488750 0.516863 0.502385 0.522722
0 0.581519 0.229167 0.574904 0.249223 0.559375 0.261155 0.544959 0.248713 0.536988 0.229167 0.543289 0.208540 0.559375 0.198089 0.574927 0.208023
0 0.307287 0.312500 0.298735 0.335495 0.280625 0.344445 0.263365 0.336754 0.258027 0.312500 0.263881 0.288239 0.280625 0.278001 0.296729 0.287839
0 0.587601 0.088333 0.582547 0.111793 0.565625 0.121299 0.550243 0.114065 0.542439 0.088333 0.548218 0.063449 0.565625 0.057904 0.582688 0.062562
0 0.336867 0.604167 0.330815 0.622846 0.313750 0.631459 0.296257 0.626804 0.290426 0.604167 0.297524 0.583937 0.313750 0.576885 0.330168 0.582246
0 0.419056 0.505000 0.413475 0.524253 0.398750 0.530889 0.383297 0.524967 0.379139 0.505000 0.383521 0.484853 0.398750 0.475288 0.413956 0.484948
0 0.415561 0.378333 0.408231 0.397205 0.391250 0.403606 0.376914 0.395586 0.368972 0.378333 0.375339 0.358044 0.391250 0.350940 0.406753 0.358115
0 0.314717 0.499167 0.306427 0.519036 0.290000 0.525038 0.273731 0.517300 0.269305 0.499167 0.272862 0.478667 0.290000 0.473900 0.306102 0.480749
0 0.296390 0.410833 0.292534 0.429738 0.273750 0.437415 0.255011 0.429026 0.246566 0.410833 0.256017 0.392441 0.273750 0.386663 0.291809 0.393517
0 0.584184 0.408333 0.577155 0.425011 0.562500 0.431782 0.548230 0.426939 0.540691 0.408333 0.547249 0.390121 0.562500 0.384750 0.577091 0.390697
0 0.622192 0.725000 0.614484 0.749263 0.601250 0.758193 0.587949 0.748163 0.581466 0.725000 0.587760 0.701951 0.601250 0.691956 0.616249 0.701518
0 0.613095 0.546667 0.605623 0.567361 0.588750 0.575400 0.574352 0.565542 0.564079 0.546667 0.572530 0.524639 0.588750 0.519577 0.606192 0.528136
0 0.579393 0.359167 0.572370 0.375824 0.557500 0.384633 0.543097 0.377516 0.536518 0.359167 0.543486 0.342685 0.557500 0.336646 0.572380 0.342846
0 0.494058 0.590833 0.487362 0.612632 0.472500 0.623241 0.458934 0.613617 0.452672 0.590833 0.457124 0.568506 0.472500 0.561578 0.487235 0.567111
0 0.368696 0.563333 0.361911 0.581645 0.346250 0.587682 0.331513 0.582108 0.323735 0.563333 0.329578 0.544198 0.346250 0.538103 0.360892 0.544982
0 0.435133 0.104167 0.429122 0.125321 0.411875 0.135852 0.394138 0.129163 0.387946 0.104167 0.395961 0.082715 0.411875 0.074550 0.427307 0.083117
0 0.543205 0.380833 0.536947 0.404229 0.522500 0.414428 0.508161 0.403519 0.499685 0.380833 0.507164 0.358969 0.522500 0.350587 0.537837 0.357026
0 0.400396 0.431667 0.393850 0.449496 0.380625 0.459044 0.368731 0.448786 0.362926 0.431667 0.368624 0.415329 0.380625 0.409022 0.393880 0.415702
0 0.326365 0.251667 0.316706 0.274124 0.301875 0.281997 0.285528 0.272757 0.280902 0.251667 0.283998 0.229286 0.301875 0.218675 0.318794 0.231699
0 0.370525 0.449167 0.361382 0.467968 0.347500 0.476315 0.333352 0.468199 0.328105 0.449167 0.333936 0.428914 0.347500 0.424286 0.361817 0.429113
0 0.615803 0.482500 0.613526 0.502814 0.600000 0.515723 0.587487 0.502437 0.584031 0.482500 0.586801 0.460454 0.600000 0.448790 0.613468 0.462670
0 0.485111 0.306667 0.475010 0.321272 0.457500 0.326939 0.439757 0.322372 0.429350 0.306667 0.437388 0.290548 0.457500 0.285629 0.477811 0.290234
0 0.503703 0.503333 0.497532 0.523132 0.481875 0.528121 0.467068 0.523476 0.458165 0.503333 0.465554 0.486068 0.481875 0.478408 0.497030 0.483699
0 0.607115 0.268333 0.601980 0.287720 0.588125 0.295175 0.575218 0.287535 0.567296 0.268333 0.575394 0.249824 0.588125 0.238636 0.600778 0.247805
0 0.477273 0.345833 0.469679 0.362787 0.455625 0.371961 0.440548 0.364729 0.432128 0.345833 0.440027 0.326206 0.455625 0.320707 0.470126 0.326459
0 0.648380 0.266667 0.644130 0.287116 0.628750 0.292134 0.612912 0.284166 0.606860 0.266667 0.614973 0.247735 0.628750 0.237347 0.643893 0.248956
0 0.436965 0.432500 0.433724 0.451453 0.417500 0.458249 0.403767 0.450440 0.396953 0.432500 0.402861 0.414217 0.417500 0.407002 0.432786 0.414781
0 0.530541 0.472500 0.522842 0.492642 0.507500 0.499117 0.493831 0.493635 0.486728 0.472500 0.491934 0.451629 0.507500 0.447100 0.523373 0.454139
0 0.514121 0.320833 0.510433 0.340748 0.496250 0.347257 0.483410 0.339747 0.478792 0.320833 0.482118 0.300205 0.496250 0.292968 0.508956 0.301451
0 0.773802 0.324167 0.765744 0.344777 0.750000 0.353801 0.734691 0.342899 0.727141 0.324167 0.732820 0.304557 0.750000 0.298223 0.766976 0.306375
0 0.731477 0.323333 0.724555 0.346274 0.710000 0.359189 0.696022 0.347445 0.689761 0.323333 0.694920 0.299623 0.710000 0.290383 0.723849 0.301961
0 0.552338 0.325833 0.545539 0.344156 0.532500 0.351720 0.519783 0.343167 0.512011 0.325833 0.518908 0.307464 0.532500 0.299575 0.546182 0.306097
0 0.439217 0.340833 0.433791 0.362301 0.421250 0.369053 0.409983 0.361986 0.404239 0.340833 0.407850 0.320132 0.421250 0.312173 0.432737 0.320623
0 0.422832 0.593333 0.415634 0.616185 0.400000 0.625860 0.383858 0.616934 0.375811 0.593333 0.382502 0.571880 0.400000 0.559192 0.415241 0.570768
0 0.291916 0.359167 0.282273 0.379671 0.264375 0.392027 0.246283 0.379006 0.238857 0.359167 0.246081 0.336612 0.264375 0.330329 0.283461 0.335250
0 0.466935 0.151667 0.459236 0.175240 0.441250 0.182561 0.422327 0.171894 0.416849 0.151667 0.422911 0.131384 0.441250 0.120717 0.458799 0.128213
0 0.528117 0.580833 0.523076 0.601174 0.509375 0.612198 0.495081 0.603451 0.490798 0.580833 0.495882 0.560480 0.509375 0.554312 0.522367 0.559871
0 0.309534 0.557500 0.301850 0.576789 0.286875 0.587185 0.271918 0.577091 0.262558 0.557500 0.270434 0.538012 0.286875 0.527492 0.303988 0.537055
0 0.576149 0.290833 0.570544 0.313809 0.557500 0.323188 0.545368 0.314151 0.539255 0.290833 0.543209 0.265727 0.557500 0.260902 0.572052 0.268993
0 0.562092 0.486667 0.555916 0.509598 0.541875 0.518473 0.526868 0.508428 0.519398 0.486667 0.526224 0.466481 0.541875 0.455825 0.556665 0.467104
0 0.676401 0.377500 0.669345 0.398112 0.650000 0.404040 0.631580 0.397629 0.621887 0.377500 0.632928 0.357158 0.650000 0.349400 0.667662 0.356935
0 0.541236 0.273333 0.536007 0.294424 0.523750 0.301799 0.510938 0.295243 0.503227 0.273333 0.511501 0.251036 0.523750 0.244264 0.538072 0.251590
0 0.685701 0.672500 0.678157 0.693115 0.660625 0.700841 0.642868 0.693730 0.635707 0.672500 0.643496 0.652095 0.660625 0.646617 0.676487 0.651370
0 0.414104 0.322500 0.407038 0.347763 0.395000 0.352852 0.381598 0.343945 0.375901 0.322500 0.383328 0.297272 0.395000 0.287234 0.406494 0.300935
0 0.666131 0.722500 0.658918 0.746217 0.641875 0.753682 0.625376 0.745330 0.618584 0.722500 0.624557 0.702255 0.641875 0.693900 0.659237 0.700253
0 0.777579 0.590000 0.768999 0.611348 0.755625 0.620423 0.739982 0.613746 0.733633 0.590000 0.739695 0.568563 0.755625 0.556702 0.769155 0.569607
0 0.794435 0.284167 0.789393 0.305003 0.773125 0.316207 0.758398 0.309272 0.750820 0.284167 0.757795 0.258967 0.773125 0.251878 0.789681 0.259786
0 0.553698 0.063333 0.548458 0.084836 0.531875 0.093213 0.515358 0.083616 0.508259 0.063333 0.515779 0.043865 0.531875 0.035013 0.549394 0.041620
0 0.441616 0.183333 0.432041 0.202944 0.410000 0.212924 0.389418 0.204805 0.376261 0.183333 0.389760 0.163142 0.410000 0.153038 0.431547 0.161582
0 0.526410 0.140000 0.519798 0.168031 0.505000 0.184563 0.490386 0.168552 0.482813 0.140000 0.490445 0.109906 0.505000 0.095426 0.520912 0.109688
0 0.359150 0.290833 0.354303 0.308762 0.336250 0.316812 0.317840 0.309066 0.309360 0.290833 0.317065 0.272371 0.336250 0.264785 0.353711 0.273990
0 0.512010 0.071667 0.504488 0.093181 0.489375 0.100291 0.473380 0.092720 0.465272 0.071667 0.471422 0.050148 0.489375 0.042293 0.506241 0.051536
0 0.487861 0.164167 0.485196 0.177596 0.476875 0.182370 0.468632 0.177445 0.466011 0.164167 0.467991 0.151045 0.476875 0.145972 0.484464 0.151669
0 0.438871 0.740833 0.430534 0.765545 0.414375 0.776624 0.398706 0.765879 0.389933 0.740833 0.399243 0.718452 0.414375 0.706342 0.429792 0.714570
0 0.806076 0.348333 0.799055 0.372532 0.785000 0.384382 0.771362 0.373285 0.765823 0.348333 0.772054 0.325371 0.785000 0.318087 0.797882 0.326540
0 0.359336 0.292500 0.346913 0.312317 0.326250 0.319882 0.304998 0.309615 0.292069 0.292500 0.303847 0.275283 0.326250 0.264572 0.349953 0.272640
0 0.715036 0.694167 0.711234 0.715026 0.693750 0.721822 0.677972 0.714716 0.669013 0.694167 0.678896 0.674241 0.693750 0.667594 0.709050 0.672009
0 0.692882 0.110000 0.686114 0.125440 0.669375 0.133583 0.649853 0.127539 0.646098 0.110000 0.651449 0.094059 0.669375 0.085835 0.686405 0.092901
0 0.424866 0.180000 0.419419 0.199776 0.401250 0.206454 0.385025 0.199843 0.376860 0.180000 0.385675 0.160204 0.401250 0.152314 0.416514 0.160746
0 0.491091 0.167500 0.487915 0.185097 0.478125 0.194061 0.469572 0.183130 0.464003 0.167500 0.469555 0.148999 0.478125 0.144812 0.487129 0.151922
1 0.568463 0.147500 0.558202 0.185060 0.524375 0.205170 0.493999 0.184509 0.480750 0.147500 0.492475 0.108403 0.524375 0.090103 0.556417 0.109429
0 0.465034 0.079167 0.458059 0.095743 0.442500 0.103268 0.425317 0.096148 0.422064 0.079167 0.427499 0.061271 0.442500 0.053945 0.457927 0.060730
0 0.399060 0.727511 0.393906 0.749047 0.377788 0.753903 0.363294 0.748407 0.355984 0.727511 0.362088 0.706350 0.377788 0.696715 0.392845 0.708202
