0 0.593629 0.077500 0.587020 0.102364 0.572500 0.114290 0.556914 0.102373 0.551549 0.077500 0.558752 0.053749 0.572500 0.045390 0.586380 0.051465
0 0.455943 0.174167 0.449549 0.195593 0.436250 0.206996 0.423170 0.197662 0.417107 0.174167 0.422875 0.150241 0.436250 0.142683 0.451352 0.151187
0 0.609536 0.627500 0.603036 0.647235 0.587500 0.661316 0.572738 0.647875 0.564052 0.627500 0.572770 0.604441 0.587500 0.598667 0.603904 0.607261
0 0.400592 0.579167 0.390848 0.593081 0.371875 0.598748 0.354702 0.594924 0.346602 0.579167 0.351001 0.564638 0.371875 0.558936 0.391990 0.563237
0 0.777301 0.555000 0.771639 0.576211 0.753750 0.583219 0.735924 0.575093 0.730585 0.555000 0.734691 0.532661 0.753750 0.522719 0.770318 0.532215
0 0.683000 0.661667 0.673261 0.682625 0.657500 0.688726 0.639917 0.683249 0.635470 0.661667 0.640216 0.642506 0.657500 0.633271 0.675961 0.639878
0 0.469252 0.629167 0.463171 0.644027 0.444375 0.651145 0.426338 0.645097 0.421123 0.629167 0.425552 0.614492 0.444375 0.608571 0.461742 0.614024
0 0.429003 0.655833 0.420986 0.674267 0.405000 0.678392 0.388038 0.673915 0.381927 0.655833 0.387393 0.638703 0.405000 0.630830 0.424096 0.637098
0 0.450624 0.693333 0.444317 0.712521 0.431250 0.724040 0.419063 0.712553 0.410724 0.693333 0.418758 0.672528 0.431250 0.664465 0.444021 0.673998
0 0.692027 0.164167 0.687988 0.189146 0.673125 0.198760 0.658233 0.188389 0.653658 0.164167 0.658156 0.136729 0.673125 0.126211 0.687014 0.137086
0 0.753249 0.199167 0.746982 0.221549 0.735000 0.230181 0.722138 0.220825 0.716455 0.199167 0.721993 0.178701 0.735000 0.168354 0.749253 0.180440
0 0.717506 0.275833 0.709576 0.297407 0.694375 0.305132 0.679526 0.299020 0.670495 0.275833 0.678792 0.255818 0.694375 0.246971 0.710607 0.254662
0 0.419907 0.619167 0.411374 0.634664 0.397500 0.639541 0.383711 0.634568 0.377409 0.619167 0.383266 0.604466 0.397500 0.598367 0.411031 0.604264
0 0.417729 0.704167 0.410254 0.723052 0.395000 0.729264 0.378892 0.723629 0.372937 0.704167 0.378069 0.684330 0.395000 0.676381 0.411122 0.683518
0 0.620546 0.728333 0.616781 0.749872 0.603125 0.760635 0.589126 0.751623 0.583722 0.728333 0.589799 0.705309 0.603125 0.697905 0.614839 0.706098
0 0.530741 0.535000 0.524074 0.558098 0.508125 0.569359 0.494178 0.558593 0.486606 0.535000 0.493830 0.514699 0.508125 0.503983 0.523969 0.511300
0 0.503381 0.612500 0.496604 0.632792 0.479375 0.637794 0.461419 0.631268 0.456419 0.612500 0.460748 0.591278 0.479375 0.585437 0.495511 0.592647
0 0.310817 0.488333 0.302807 0.506352 0.283125 0.511850 0.264300 0.504008 0.254320 0.488333 0.264246 0.471952 0.283125 0.464086 0.302609 0.473324
0 0.345346 0.553333 0.339958 0.569054 0.321875 0.576514 0.305172 0.569999 0.299465 0.553333 0.304157 0.537876 0.321875 0.531430 0.339295 0.536409
0 0.507926 0.567500 0.500942 0.582122 0.486875 0.588367 0.473691 0.582788 0.468065 0.567500 0.473428 0.552802 0.486875 0.545629 0.500012 0.551949
0 0.442488 0.285000 0.435828 0.302211 0.423750 0.308297 0.409649 0.303670 0.405841 0.285000 0.411795 0.267898 0.423750 0.258135 0.437509 0.267228
0 0.403429 0.486667 0.395469 0.505515 0.382500 0.515441 0.369201 0.503817 0.362633 0.486667 0.367381 0.468544 0.382500 0.457404 0.395465 0.468132
0 0.584018 0.265833 0.579236 0.282456 0.565000 0.291999 0.550725 0.282483 0.546026 0.265833 0.552951 0.250344 0.565000 0.243662 0.578540 0.247340
0 0.483526 0.419167 0.477553 0.437762 0.462500 0.446268 0.447191 0.438935 0.443579 0.419167 0.447059 0.398887 0.462500 0.387603 0.476569 0.397577
0 0.466015 0.473333 0.459154 0.489211 0.445000 0.495833 0.430767 0.487471 0.423266 0.473333 0.429392 0.457540 0.445000 0.450524 0.461400 0.456930
0 0.323737 0.285833 0.313451 0.305859 0.296875 0.310032 0.279661 0.303368 0.270059 0.285833 0.280463 0.266508 0.296875 0.260048 0.316671 0.266427
0 0.578519 0.749167 0.572369 0.769958 0.553750 0.776148 0.534312 0.769461 0.525710 0.749167 0.535216 0.731120 0.553750 0.721326 0.572951 0.730923
0 0.541617 0.210000 0.532983 0.238336 0.518750 0.243423 0.504000 0.233737 0.496425 0.210000 0.503725 0.183149 0.518750 0.175323 0.532516 0.181569
0 0.366377 0.476667 0.359776 0.491435 0.342500 0.497523 0.323046 0.491810 0.317269 0.476667 0.325321 0.462544 0.342500 0.456866 0.362257 0.462217
0 0.364066 0.513333 0.357419 0.529716 0.339375 0.536658 0.322514 0.529116 0.316254 0.513333 0.321459 0.497616 0.339375 0.489531 0.356426 0.497219
0 0.728346 0.342500 0.719183 0.365973 0.703125 0.375954 0.688062 0.367102 0.680030 0.342500 0.685595 0.314725 0.703125 0.305872 0.718278 0.316668
0 0.589851 0.580833 0.582261 0.603028 0.565000 0.610662 0.548229 0.603497 0.542794 0.580833 0.548636 0.556209 0.565000 0.546325 0.583257 0.555750
0 0.493191 0.119167 0.489793 0.139181 0.476250 0.148382 0.464128 0.138048 0.457659 0.119167 0.464161 0.099845 0.476250 0.088857 0.489120 0.100552
0 0.454461 0.430833 0.447919 0.447896 0.430000 0.454441 0.413233 0.446951 0.407181 0.430833 0.413413 0.414892 0.430000 0.407238 0.446875 0.414278
0 0.560703 0.675000 0.554442 0.691290 0.536875 0.699525 0.521103 0.690954 0.516055 0.675000 0.520803 0.657071 0.536875 0.648880 0.551937 0.657939
0 0.341364 0.439167 0.332652 0.454725 0.317500 0.465553 0.300003 0.456646 0.295341 0.439167 0.301956 0.423165 0.317500 0.416136 0.332514 0.423047
0 0.317402 0.526667 0.312836 0.544559 0.297500 0.552110 0.283559 0.546692 0.274193 0.526667 0.281133 0.507952 0.297500 0.497884 0.312808 0.506718
0 0.543786 0.628333 0.538630 0.649474 0.523125 0.657764 0.507980 0.647962 0.499761 0.628333 0.508345 0.607345 0.523125 0.599520 0.537092 0.606622
0 0.629575 0.265833 0.622522 0.286201 0.606250 0.292373 0.591841 0.284855 0.586463 0.265833 0.589976 0.245671 0.606250 0.237406 0.622528 0.245720
0 0.635434 0.664167 0.630941 0.686079 0.615625 0.695113 0.600936 0.685903 0.594666 0.664167 0.600073 0.639804 0.615625 0.634554 0.631153 0.639055
0 0.681524 0.590833 0.676504 0.617341 0.659375 0.627095 0.642891 0.615256 0.634274 0.590833 0.643035 0.563883 0.659375 0.558117 0.677870 0.564751
0 0.392670 0.532500 0.386236 0.551852 0.371875 0.557900 0.356142 0.550428 0.348514 0.532500 0.355779 0.512251 0.371875 0.504153 0.388746 0.514856
0 0.699511 0.235000 0.693676 0.254971 0.678125 0.263416 0.664037 0.257741 0.657914 0.235000 0.661381 0.212772 0.678125 0.205612 0.692683 0.212734
0 0.794091 0.505833 0.785515 0.526367 0.766250 0.533721 0.748681 0.526192 0.740139 0.505833 0.747989 0.485306 0.766250 0.473251 0.786932 0.484705
0 0.499552 0.524167 0.490773 0.541482 0.476250 0.547877 0.461196 0.540051 0.454238 0.524167 0.460681 0.509654 0.476250 0.500376 0.491308 0.507854
0 0.577664 0.639167 0.569534 0.661466 0.554375 0.670224 0.537797 0.662206 0.532852 0.639167 0.538456 0.619226 0.554375 0.610934 0.568623 0.616547
0 0.372827 0.210833 0.362957 0.227775 0.345625 0.234717 0.328081 0.227718 0.317867 0.210833 0.328858 0.195415 0.345625 0.186750 0.362425 0.195213
0 0.473221 0.282500 0.467119 0.305599 0.453125 0.320713 0.439105 0.308222 0.432811 0.282500 0.439043 0.258217 0.453125 0.247809 0.466970 0.254664
0 0.754817 0.355833 0.747256 0.377122 0.732500 0.384884 0.716429 0.375327 0.712844 0.355833 0.717745 0.336142 0.732500 0.324961 0.747031 0.333401
0 0.655655 0.619167 0.651193 0.637257 0.635000 0.645127 0.619345 0.638149 0.614489 0.619167 0.620160 0.598592 0.635000 0.591057 0.650431 0.601137
0 0.575842 0.700000 0.572045 0.717844 0.557500 0.724874 0.542251 0.720471 0.536517 0.700000 0.542594 0.682112 0.557500 0.670841 0.571299 0.681327
0 0.539705 0.368333 0.534474 0.387252 0.521250 0.394261 0.506998 0.385676 0.504286 0.368333 0.509177 0.347903 0.521250 0.341848 0.533295 0.350976
0 0.417678 0.322500 0.411395 0.345324 0.397500 0.351003 0.384260 0.342890 0.376393 0.322500 0.383600 0.302297 0.397500 0.291707 0.410458 0.301738
0 0.541445 0.592500 0.534499 0.611019 0.518750 0.616917 0.503558 0.610914 0.496566 0.592500 0.503340 0.573720 0.518750 0.567950 0.533251 0.574816
0 0.484774 0.666667 0.479068 0.683659 0.458750 0.691384 0.440170 0.683819 0.430521 0.666667 0.441846 0.649138 0.458750 0.645335 0.477134 0.651121
0 0.425168 0.548333 0.421257 0.569445 0.406875 0.578075 0.391888 0.568858 0.389280 0.548333 0.392107 0.528306 0.406875 0.519146 0.421662 0.529067
0 0.719646 0.640833 0.710928 0.662844 0.692500 0.669526 0.675675 0.662533 0.668128 0.640833 0.674217 0.619881 0.692500 0.611607 0.710341 0.621866
0 0.558569 0.285833 0.550999 0.303508 0.535625 0.311430 0.518327 0.302368 0.510757 0.285833 0.518814 0.268777 0.535625 0.261049 0.550895 0.266604
0 0.455909 0.512500 0.448700 0.528952 0.433125 0.534298 0.416702 0.529385 0.412110 0.512500 0.416398 0.495301 0.433125 0.490013 0.449574 0.493965
0 0.466815 0.558333 0.461196 0.578440 0.446250 0.590444 0.429497 0.581534 0.422566 0.558333 0.429336 0.536477 0.446250 0.526204 0.463179 0.536093
0 0.649477 0.377500 0.641749 0.396367 0.627500 0.406354 0.612205 0.397911 0.608246 0.377500 0.611455 0.357959 0.627500 0.352569 0.642023 0.356635
0 0.763022 0.608333 0.757517 0.630453 0.740625 0.638313 0.724262 0.631262 0.717649 0.608333 0.722870 0.587450 0.740625 0.573646 0.758517 0.586557
0 0.605728 0.306667 0.600161 0.324277 0.584375 0.330189 0.568751 0.324819 0.564020 0.306667 0.570638 0.288531 0.584375 0.282272 0.599357 0.289187
0 0.323116 0.395833 0.316645 0.414765 0.298750 0.422917 0.280666 0.416804 0.275954 0.395833 0.281243 0.376202 0.298750 0.367405 0.316955 0.377882
0 0.723822 0.400833 0.718526 0.419545 0.703750 0.424511 0.689826 0.417153 0.684305 0.400833 0.687576 0.383868 0.703750 0.377043 0.717749 0.383551
0 0.423945 0.150833 0.417070 0.168688 0.405000 0.176105 0.391717 0.168289 0.385123 0.150833 0.392292 0.133910 0.405000 0.127557 0.418684 0.131890
0 0.509396 0.483333 0.501504 0.499797 0.486250 0.505991 0.470352 0.498421 0.463261 0.483333 0.470762 0.467530 0.486250 0.459749 0.501036 0.468205
0 0.393473 0.372500 0.388951 0.389144 0.371875 0.397678 0.356483 0.392057 0.349294 0.372500 0.355382 0.352996 0.371875 0.348452 0.389121 0.354717
0 0.556082 0.555000 0.551261 0.573590 0.538125 0.579896 0.525252 0.572941 0.521301 0.555000 0.525385 0.537161 0.538125 0.526715 0.551863 0.537099
0 0.303864 0.451667 0.298725 0.470105 0.279375 0.479095 0.258567 0.470836 0.251858 0.451667 0.258882 0.432310 0.279375 0.423166 0.298744 0.432557
0 0.729595 0.544167 0.723842 0.563276 0.708125 0.572325 0.693809 0.564574 0.684474 0.544167 0.693002 0.525803 0.708125 0.518920 0.723430 0.523836
0 0.631533 0.206667 0.620587 0.232675 0.600625 0.244112 0.580395 0.234459 0.568883 0.206667 0.578259 0.179103 0.600625 0.168909 0.620700 0.180323
0 0.770841 0.252500 0.761870 0.272658 0.743750 0.280615 0.725039 0.271888 0.716372 0.252500 0.725888 0.233580 0.743750 0.224165 0.760102 0.234092
0 0.654182 0.169167 0.647751 0.191539 0.630625 0.199200 0.613086 0.189949 0.606774 0.169167 0.613772 0.146239 0.630625 0.137723 0.645520 0.145078
0 0.466310 0.125000 0.459378 0.144296 0.443750 0.155417 0.427223 0.147653 0.422888 0.125000 0.428074 0.104181 0.443750 0.094938 0.459175 0.103107
0 0.524301 0.694167 0.517960 0.714352 0.501875 0.726071 0.485824 0.717988 0.479678 0.694167 0.485904 0.673874 0.501875 0.666162 0.516027 0.671900
0 0.456994 0.338333 0.449262 0.358951 0.433750 0.366734 0.417526 0.357330 0.411225 0.338333 0.418569 0.316516 0.433750 0.308305 0.449548 0.320202
0 0.723160 0.592500 0.715838 0.610171 0.701875 0.618733 0.686319 0.610725 0.679126 0.592500 0.685463 0.574650 0.701875 0.564733 0.716144 0.571295
0 0.610568 0.694167 0.606152 0.721561 0.590625 0.734240 0.575859 0.718604 0.569636 0.694167 0.574720 0.665540 0.590625 0.658398 0.606600 0.667875
0 0.769786 0.299167 0.758756 0.321486 0.738125 0.329300 0.715555 0.321466 0.705486 0.299167 0.718629 0.277292 0.738125 0.270480 0.758659 0.279812
0 0.650584 0.321667 0.641986 0.341294 0.625625 0.348838 0.608199 0.342774 0.603865 0.321667 0.608592 0.301371 0.625625 0.292398 0.643324 0.301789
0 0.350958 0.598333 0.342014 0.616368 0.325625 0.619971 0.309445 0.613306 0.300347 0.598333 0.308819 0.580234 0.325625 0.573369 0.343955 0.582858
0 0.686101 0.358333 0.674961 0.379966 0.659375 0.389220 0.642956 0.379391 0.635691 0.358333 0.640501 0.340251 0.659375 0.330607 0.678334 0.338361
0 0.607264 0.120833 0.601065 0.142447 0.587500 0.148169 0.574185 0.143023 0.569644 0.120833 0.574293 0.100045 0.587500 0.094019 0.601407 0.099793
0 0.514184 0.447500 0.506644 0.465749 0.490625 0.472018 0.476604 0.463504 0.467025 0.447500 0.475610 0.430258 0.490625 0.424231 0.507430 0.428966
0 0.350682 0.376667 0.346784 0.396653 0.327500 0.401444 0.311077 0.396485 0.302342 0.376667 0.308677 0.356742 0.327500 0.350090 0.343488 0.358131
0 0.575290 0.322500 0.569758 0.338834 0.556250 0.346354 0.544929 0.337739 0.540292 0.322500 0.544582 0.305247 0.556250 0.298714 0.569365 0.305002
0 0.383878 0.333333 0.375791 0.352398 0.360625 0.358417 0.345845 0.353949 0.339885 0.333333 0.345591 0.314856 0.360625 0.305110 0.376720 0.312863
0 0.621467 0.407500 0.614173 0.427205 0.594375 0.436335 0.576195 0.427246 0.566913 0.407500 0.576504 0.388583 0.594375 0.382224 0.612931 0.388531
0 0.417108 0.239167 0.409790 0.256971 0.391875 0.266005 0.372014 0.256716 0.365891 0.239167 0.375370 0.221791 0.391875 0.213993 0.408570 0.220551
0 0.631169 0.489167 0.625672 0.504110 0.610000 0.511569 0.595767 0.504467 0.586854 0.489167 0.596094 0.473563 0.610000 0.465161 0.625750 0.472045
0 0.365433 0.420000 0.358108 0.439820 0.345000 0.448694 0.329470 0.440283 0.323764 0.420000 0.331788 0.399062 0.345000 0.392464 0.358705 0.399075
0 0.775760 0.459167 0.767767 0.479113 0.753125 0.488836 0.737487 0.481834 0.731959 0.459167 0.738602 0.437574 0.753125 0.431241 0.769516 0.437301
0 0.406518 0.274167 0.400619 0.287640 0.384375 0.296684 0.370359 0.287601 0.362865 0.274167 0.367744 0.259563 0.384375 0.253808 0.399032 0.258804
0 0.445391 0.229167 0.441072 0.251996 0.427500 0.259555 0.415242 0.250986 0.408868 0.229167 0.414656 0.205581 0.427500 0.200489 0.441508 0.208758
0 0.661295 0.248333 0.653907 0.272652 0.640625 0.282858 0.627125 0.268640 0.621463 0.248333 0.624764 0.227732 0.640625 0.217965 0.655008 0.223724
0 0.497881 0.333333 0.492324 0.348182 0.475000 0.353659 0.458595 0.349751 0.450484 0.333333 0.458678 0.317690 0.475000 0.310105 0.489758 0.317440
0 0.499788 0.375833 0.494870 0.394012 0.478750 0.402239 0.462464 0.394282 0.454775 0.375833 0.463118 0.358367 0.478750 0.352825 0.494719 0.358174
0 0.683227 0.415000 0.678301 0.435020 0.665000 0.446506 0.651448 0.435652 0.646582 0.415000 0.650804 0.392687 0.665000 0.386894 0.677806 0.391950
0 0.787410 0.370833 0.782219 0.391414 0.768125 0.398392 0.753825 0.390976 0.747919 0.370833 0.753283 0.349494 0.768125 0.342184 0.783934 0.349811
0 0.378752 0.624167 0.373409 0.642778 0.356250 0.652846 0.340035 0.646643 0.331578 0.624167 0.340416 0.605024 0.356250 0.595212 0.370962 0.604473
0 0.630037 0.599167 0.625803 0.617872 0.610000 0.623073 0.596292 0.618099 0.590488 0.599167 0.595035 0.580995 0.610000 0.575163 0.626141 0.579718
0 0.745834 0.499167 0.738343 0.518570 0.721875 0.525800 0.704834 0.518446 0.697232 0.499167 0.706103 0.480984 0.721875 0.471908 0.738756 0.478185
0 0.485161 0.217500 0.479484 0.240338 0.464375 0.249981 0.448870 0.241730 0.443738 0.217500 0.451206 0.194750 0.464375 0.180880 0.477599 0.194992
0 0.543749 0.322500 0.536971 0.337185 0.522500 0.342327 0.507747 0.337194 0.502183 0.322500 0.508910 0.309389 0.522500 0.303028 0.535340 0.308466
0 0.795895 0.313333 0.787121 0.335799 0.771875 0.341457 0.755889 0.336634 0.749015 0.313333 0.755336 0.291838 0.771875 0.281969 0.787211 0.291209
0 0.673311 0.285833 0.665072 0.306033 0.650000 0.315391 0.635469 0.305489 0.629356 0.285833 0.634574 0.265496 0.650000 0.258797 0.666273 0.264843
0 0.766719 0.403333 0.762005 0.423196 0.745625 0.431174 0.728271 0.422682 0.721322 0.403333 0.729151 0.381072 0.745625 0.370824 0.763543 0.382113
0 0.427643 0.472500 0.421112 0.492893 0.408750 0.501246 0.396124 0.494714 0.389978 0.472500 0.395308 0.451263 0.408750 0.444374 0.423152 0.453320
0 0.723968 0.211667 0.717805 0.234430 0.700625 0.245045 0.680751 0.237064 0.675711 0.211667 0.681589 0.187619 0.700625 0.177141 0.720308 0.188862
0 0.593766 0.355833 0.589119 0.373523 0.577500 0.381356 0.564038 0.374435 0.561497 0.355833 0.565478 0.337737 0.577500 0.327508 0.589221 0.336985
0 0.384122 0.296667 0.376461 0.309406 0.358750 0.315132 0.339543 0.310663 0.331872 0.296667 0.340206 0.282455 0.358750 0.276579 0.376560 0.283962
0 0.452962 0.593333 0.448353 0.608376 0.431250 0.615386 0.414597 0.609617 0.409071 0.593333 0.416751 0.578981 0.431250 0.570711 0.446432 0.577683
0 0.410609 0.410000 0.405060 0.424901 0.387500 0.431394 0.371593 0.427321 0.361389 0.410000 0.372029 0.393679 0.387500 0.386130 0.404398 0.395028
0 0.512467 0.250833 0.507216 0.271864 0.490000 0.280112 0.475679 0.272899 0.468560 0.250833 0.473983 0.228994 0.490000 0.224008 0.505452 0.230101
0 0.654332 0.125833 0.645124 0.148615 0.628125 0.157023 0.609514 0.149436 0.604859 0.125833 0.609717 0.102692 0.628125 0.093076 0.645857 0.102335
0 0.459195 0.387500 0.451556 0.403762 0.436250 0.411758 0.419665 0.403516 0.414563 0.387500 0.420170 0.370111 0.436250 0.364856 0.453692 0.372176
0 0.515759 0.399167 0.511621 0.415419 0.497500 0.422306 0.482415 0.417104 0.475653 0.399167 0.484313 0.383161 0.497500 0.377045 0.511270 0.382826
0 0.507106 0.181667 0.497848 0.206884 0.482500 0.217881 0.467163 0.207032 0.457286 0.181667 0.464811 0.159468 0.482500 0.151598 0.497853 0.160372
0 0.426574 0.373333 0.419636 0.390357 0.406250 0.395356 0.393609 0.390206 0.386005 0.373333 0.391893 0.357923 0.406250 0.352238 0.418464 0.357000
0 0.479633 0.712500 0.470996 0.731154 0.456250 0.734889 0.440024 0.728399 0.434613 0.712500 0.439032 0.694229 0.456250 0.689832 0.473080 0.694907
0 0.616659 0.549167 0.611170 0.567280 0.597500 0.575111 0.585097 0.566311 0.577264 0.549167 0.583330 0.529902 0.597500 0.525727 0.610123 0.531558
0 0.691737 0.325000 0.685141 0.344213 0.670625 0.350519 0.656235 0.343334 0.650873 0.325000 0.656158 0.307359 0.670625 0.296142 0.686589 0.307270
0 0.580914 0.220000 0.573269 0.237524 0.559375 0.242985 0.543796 0.238145 0.536766 0.220000 0.544885 0.203528 0.559375 0.196409 0.573885 0.202766
0 0.710219 0.450000 0.705304 0.470075 0.687500 0.478073 0.671288 0.468622 0.664688 0.450000 0.672340 0.428504 0.687500 0.422815 0.703311 0.429939
0 0.508285 0.746667 0.501837 0.768200 0.487500 0.781250 0.473846 0.766958 0.466951 0.746667 0.474530 0.724072 0.487500 0.717869 0.502873 0.722832
0 0.574587 0.510000 0.564194 0.534175 0.545000 0.543221 0.523094 0.532120 0.515436 0.510000 0.524247 0.485894 0.545000 0.480110 0.563642 0.488436
0 0.569982 0.370000 0.563082 0.390810 0.553125 0.399332 0.542340 0.389190 0.537195 0.370000 0.541015 0.348022 0.553125 0.341993 0.563123 0.348423
0 0.690255 0.712500 0.681755 0.731226 0.666875 0.736127 0.652495 0.730892 0.646393 0.712500 0.651832 0.694172 0.666875 0.687175 0.681471 0.695864
0 0.319687 0.339167 0.310867 0.360274 0.291875 0.368127 0.273763 0.360370 0.263792 0.339167 0.273369 0.319808 0.291875 0.310483 0.309993 0.317348
0 0.591754 0.166667 0.582433 0.187560 0.563750 0.196139 0.544146 0.189482 0.540064 0.166667 0.543747 0.143667 0.563750 0.136668 0.582539 0.145914
0 0.691823 0.535833 0.687677 0.555753 0.671250 0.562096 0.654877 0.557756 0.650088 0.535833 0.656794 0.515440 0.671250 0.505590 0.686468 0.516482
0 0.345284 0.238333 0.338876 0.255322 0.323125 0.264842 0.309577 0.257418 0.303329 0.238333 0.309268 0.218912 0.323125 0.211491 0.336288 0.218637
0 0.616572 0.358333 0.612142 0.377274 0.601250 0.384853 0.588649 0.376216 0.584765 0.358333 0.589385 0.341113 0.601250 0.331146 0.612895 0.342171
0 0.605148 0.514167 0.598265 0.531733 0.586875 0.538719 0.575899 0.533387 0.570684 0.514167 0.575750 0.494728 0.586875 0.489239 0.598774 0.496591
0 0.350865 0.327500 0.345713 0.346249 0.330000 0.353397 0.312522 0.346390 0.308175 0.327500 0.313275 0.308782 0.330000 0.303027 0.346363 0.309023
0 0.414141 0.196667 0.405749 0.213374 0.385625 0.218034 0.365006 0.212870 0.357467 0.196667 0.365739 0.180265 0.385625 0.172641 0.406312 0.178996
0 0.395160 0.444167 0.388656 0.459685 0.373125 0.466344 0.356178 0.459456 0.349495 0.444167 0.357149 0.429069 0.373125 0.422544 0.391864 0.428867
0 0.661226 0.434167 0.650033 0.456320 0.631875 0.467631 0.610353 0.457258 0.603011 0.434167 0.613144 0.411201 0.631875 0.400999 0.653468 0.411415
0 0.648472 0.565833 0.642768 0.582133 0.628125 0.588812 0.613851 0.583045 0.608938 0.565833 0.615360 0.551463 0.628125 0.541999 0.641852 0.550788
0 0.421773 0.103333 0.416854 0.124293 0.400625 0.132669 0.384080 0.124055 0.378016 0.103333 0.382842 0.083882 0.400625 0.072629 0.417061 0.083843
0 0.655638 0.720833 0.650562 0.744641 0.637500 0.753340 0.623668 0.743825 0.620015 0.720833 0.624399 0.697358 0.637500 0.688938 0.650052 0.696751
0 0.730417 0.152500 0.726255 0.175297 0.711250 0.184541 0.696165 0.174272 0.690223 0.152500 0.695801 0.128688 0.711250 0.118458 0.724540 0.129775
0 0.804606 0.440000 0.796542 0.459854 0.781250 0.471067 0.762928 0.461171 0.758996 0.440000 0.763119 0.419074 0.781250 0.407314 0.798571 0.418347
1 0.583355 0.440000 0.574337 0.472300 0.546250 0.481957 0.517373 0.469663 0.512283 0.440000 0.520892 0.412736 0.546250 0.395903 0.575017 0.410341
0 0.651150 0.524167 0.644035 0.540820 0.628125 0.552541 0.612304 0.541495 0.604521 0.524167 0.611387 0.507010 0.628125 0.497487 0.646403 0.504999
0 0.739500 0.446667 0.732265 0.467014 0.718750 0.475821 0.703363 0.467059 0.698210 0.446667 0.703588 0.428618 0.718750 0.419347 0.732232 0.426918
0 0.547185 0.727500 0.538200 0.749997 0.523125 0.758906 0.508039 0.746262 0.501897 0.727500 0.508247 0.705113 0.523125 0.697886 0.539076 0.707965
0 0.475221 0.759167 0.467967 0.779342 0.453750 0.784394 0.439994 0.777781 0.431278 0.759167 0.438284 0.740843 0.453750 0.731688 0.470144 0.741414
0 0.507490 0.304167 0.503096 0.322231 0.488125 0.326796 0.475300 0.321927 0.468299 0.304167 0.475763 0.288550 0.488125 0.280908 0.500488 0.286418
0 0.493779 0.062500 0.488227 0.082811 0.476250 0.090469 0.464265 0.083311 0.458777 0.062500 0.463749 0.043433 0.476250 0.035377 0.490333 0.044674
0 0.388347 0.145833 0.381018 0.173025 0.369375 0.180720 0.355391 0.174142 0.350668 0.145833 0.357237 0.117707 0.369375 0.108271 0.382259 0.117715
0 0.700723 0.492500 0.690932 0.511122 0.675000 0.522374 0.657491 0.512908 0.651328 0.492500 0.659187 0.474234 0.675000 0.463533 0.691838 0.472440
0 0.364665 0.265000 0.360591 0.279283 0.343750 0.287971 0.326471 0.279306 0.319633 0.265000 0.328679 0.249233 0.343750 0.244761 0.360999 0.250052
0 0.663134 0.483333 0.658731 0.501417 0.646250 0.506479 0.633589 0.499508 0.627240 0.483333 0.633197 0.463900 0.646250 0.459705 0.657539 0.466599
0 0.645725 0.440833 0.638442 0.463871 0.621875 0.470298 0.607063 0.463440 0.598987 0.440833 0.607911 0.419163 0.621875 0.409615 0.635889 0.419788
0 0.573277 0.510833 0.567828 0.533868 0.554375 0.538826 0.540780 0.530485 0.534503 0.510833 0.541738 0.488280 0.554375 0.481424 0.566750 0.490714
0 0.560879 0.168333 0.556819 0.187957 0.545000 0.197738 0.531458 0.190996 0.529245 0.168333 0.531563 0.145477 0.545000 0.137160 0.556441 0.146893
0 0.633467 0.444167 0.629285 0.462677 0.617500 0.469286 0.604284 0.463096 0.600935 0.444167 0.605835 0.426696 0.617500 0.419454 0.630900 0.424685
0 0.590908 0.360833 0.586329 0.381893 0.572500 0.391338 0.558031 0.383077 0.553888 0.360833 0.557993 0.340633 0.572500 0.333380 0.585739 0.341223
0 0.311420 0.575000 0.302994 0.590727 0.286875 0.598555 0.269173 0.589132 0.264080 0.575000 0.270143 0.560552 0.286875 0.552483 0.304211 0.560325
0 0.607031 0.459167 0.602863 0.477896 0.593125 0.485028 0.583364 0.475328 0.579484 0.459167 0.583570 0.442344 0.593125 0.436000 0.602091 0.442527
0 0.501787 0.325833 0.495471 0.346403 0.478125 0.354197 0.460415 0.348109 0.453473 0.325833 0.459462 0.303038 0.478125 0.294026 0.494755 0.302777
0 0.637500 0.079167 0.629266 0.096620 0.614375 0.105314 0.598177 0.096906 0.594305 0.079167 0.599273 0.060376 0.614375 0.052301 0.630563 0.060067
0 0.556947 0.502500 0.551622 0.518597 0.535625 0.524258 0.520250 0.520196 0.516797 0.502500 0.520274 0.486767 0.535625 0.480333 0.549332 0.485618
0 0.360163 0.250000 0.352749 0.272010 0.335625 0.282427 0.316994 0.275510 0.311706 0.250000 0.319542 0.225247 0.335625 0.215994 0.351597 0.224486
1 0.551085 0.099173 0.539800 0.153011 0.519164 0.168869 0.499325 0.146168 0.487435 0.099173 0.497011 0.048588 0.519164 0.029582 0.541590 0.052254
0 0.438446 0.750131 0.431357 0.768990 0.415017 0.778591 0.397591 0.771493 0.391283 0.750131 0.398204 0.730886 0.415017 0.724531 0.432126 0.730924
0 0.340787 0.638915 0.332413 0.658131 0.317939 0.665457 0.301976 0.657775 0.294366 0.638915 0.302115 0.622415 0.317939 0.614251 0.335095 0.622794
0 0.363041 0.667819 0.353412 0.681615 0.337732 0.690242 0.320420 0.684289 0.313905 0.667819 0.321786 0.652164 0.337732 0.645915 0.354693 0.653068
0 0.371408 0.701121 0.367304 0.719280 0.351869 0.726908 0.337754 0.718971 0.332584 0.701121 0.337786 0.683783 0.351869 0.674776 0.365633 0.682118
0 0.724934 0.688554 0.718154 0.706405 0.703424 0.711760 0.686951 0.703836 0.679743 0.688554 0.689322 0.672293 0.703424 0.664761 0.717311 0.672017
0 0.748963 0.660907 0.742716 0.681770 0.731228 0.690057 0.720624 0.680491 0.715185 0.660907 0.719999 0.639371 0.731228 0.633663 0.742132 0.642500
