0 0.647910 0.627500 0.638645 0.650050 0.623125 0.657555 0.606131 0.651128 0.600322 0.627500 0.607515 0.604196 0.623125 0.593810 0.638250 0.604494
0 0.398645 0.648333 0.393505 0.673639 0.376250 0.687919 0.361027 0.675575 0.351961 0.648333 0.361828 0.621650 0.376250 0.613532 0.393525 0.619562
0 0.791302 0.358333 0.784993 0.381010 0.768750 0.389994 0.751482 0.384256 0.745871 0.358333 0.751484 0.334261 0.768750 0.326695 0.783106 0.331435
0 0.731657 0.582500 0.722579 0.609762 0.708750 0.623339 0.695008 0.610276 0.685626 0.582500 0.694386 0.557071 0.708750 0.544521 0.722634 0.554611
0 0.677534 0.665833 0.671251 0.685557 0.656250 0.693784 0.638883 0.687494 0.635368 0.665833 0.638836 0.642860 0.656250 0.635630 0.672952 0.642640
0 0.451657 0.646667 0.443938 0.668145 0.425625 0.682094 0.406729 0.669181 0.399272 0.646667 0.407235 0.621937 0.425625 0.610587 0.441700 0.622349
0 0.417288 0.345000 0.412302 0.370828 0.399375 0.381560 0.387224 0.369712 0.383249 0.345000 0.388197 0.322688 0.399375 0.311595 0.411342 0.321503
0 0.707864 0.520000 0.702839 0.537612 0.686250 0.547357 0.671132 0.540423 0.664311 0.520000 0.669844 0.499879 0.686250 0.495564 0.704462 0.500123
0 0.722308 0.172500 0.717728 0.196744 0.705000 0.213416 0.691818 0.199619 0.687033 0.172500 0.690604 0.144228 0.705000 0.133134 0.719263 0.146053
0 0.749812 0.250833 0.742849 0.273232 0.729375 0.284324 0.716696 0.275042 0.710926 0.250833 0.714682 0.227350 0.729375 0.215721 0.743644 0.225661
0 0.324692 0.423333 0.317756 0.444571 0.301875 0.452188 0.287014 0.442608 0.280586 0.423333 0.284963 0.403703 0.301875 0.397303 0.318233 0.404993
0 0.443967 0.582500 0.440534 0.604013 0.425000 0.613975 0.410196 0.605887 0.403059 0.582500 0.412174 0.559332 0.425000 0.548221 0.437863 0.561106
0 0.524866 0.726667 0.520705 0.747689 0.505625 0.757528 0.489684 0.748239 0.483411 0.726667 0.490739 0.702772 0.505625 0.692101 0.520220 0.702076
0 0.621554 0.143333 0.613439 0.166768 0.601250 0.182135 0.589036 0.171086 0.583888 0.143333 0.587981 0.119171 0.601250 0.104981 0.613466 0.117296
0 0.657296 0.125000 0.652371 0.155864 0.637500 0.170553 0.621009 0.154649 0.615281 0.125000 0.622310 0.096002 0.637500 0.083947 0.653501 0.090033
0 0.433429 0.129167 0.425729 0.156865 0.409375 0.162219 0.392728 0.154822 0.384356 0.129167 0.393949 0.101619 0.409375 0.092881 0.426962 0.105456
0 0.639515 0.510000 0.633845 0.532164 0.618125 0.538398 0.602728 0.532254 0.596433 0.510000 0.602978 0.488911 0.618125 0.481449 0.631908 0.487654
0 0.400511 0.170833 0.391523 0.190850 0.375625 0.198557 0.359309 0.189694 0.353903 0.170833 0.358111 0.150145 0.375625 0.141802 0.390964 0.150394
0 0.637515 0.389167 0.633337 0.408628 0.618125 0.414122 0.602530 0.409610 0.599239 0.389167 0.602240 0.370878 0.618125 0.362818 0.633764 0.371409
0 0.405867 0.292500 0.398222 0.313404 0.383750 0.320984 0.369483 0.311405 0.364452 0.292500 0.369120 0.272576 0.383750 0.265343 0.398789 0.273566
0 0.562726 0.755000 0.556787 0.778409 0.541250 0.790786 0.528210 0.779579 0.520267 0.755000 0.527667 0.731794 0.541250 0.719160 0.554416 0.729992
0 0.494999 0.603333 0.489616 0.622703 0.475000 0.633521 0.458537 0.621475 0.454832 0.603333 0.460797 0.584637 0.475000 0.572463 0.490230 0.583479
0 0.360129 0.572500 0.353117 0.590114 0.337500 0.597930 0.321215 0.588848 0.315623 0.572500 0.321564 0.556689 0.337500 0.549168 0.354215 0.555166
0 0.415709 0.605833 0.408932 0.625230 0.395000 0.632816 0.379970 0.627025 0.374503 0.605833 0.379696 0.584974 0.395000 0.580973 0.409636 0.586119
0 0.491633 0.400833 0.485335 0.419925 0.471875 0.426874 0.458285 0.419498 0.452235 0.400833 0.457562 0.381706 0.471875 0.376898 0.485744 0.382348
0 0.780370 0.438333 0.771241 0.462697 0.753750 0.474259 0.734994 0.465445 0.731049 0.438333 0.737481 0.411392 0.753750 0.402516 0.772798 0.413762
0 0.744155 0.503333 0.737473 0.522675 0.721875 0.531900 0.707910 0.521092 0.699090 0.503333 0.705211 0.484220 0.721875 0.478761 0.736102 0.484421
0 0.518162 0.575833 0.513796 0.596588 0.500000 0.603691 0.487069 0.596700 0.481485 0.575833 0.485459 0.557599 0.500000 0.548301 0.512397 0.556149
0 0.713099 0.303333 0.704853 0.327770 0.687500 0.335221 0.670570 0.324697 0.662721 0.303333 0.671530 0.278807 0.687500 0.273905 0.704185 0.279549
0 0.718610 0.241667 0.712049 0.264050 0.695625 0.272959 0.678931 0.264517 0.674207 0.241667 0.678775 0.215858 0.695625 0.208601 0.713584 0.220237
0 0.518693 0.656667 0.510329 0.679133 0.495625 0.690674 0.480918 0.677189 0.473217 0.656667 0.479585 0.632758 0.495625 0.624448 0.509878 0.634453
0 0.558998 0.644167 0.554658 0.663228 0.537500 0.672680 0.519956 0.662692 0.511456 0.644167 0.520539 0.625504 0.537500 0.614937 0.555811 0.623364
0 0.398604 0.231667 0.392534 0.256500 0.381250 0.266442 0.368037 0.255977 0.363248 0.231667 0.369087 0.210227 0.381250 0.197546 0.392776 0.207947
0 0.356248 0.483333 0.352505 0.507814 0.336875 0.513133 0.323528 0.507800 0.316770 0.483333 0.322125 0.461312 0.336875 0.450274 0.352449 0.461647
0 0.698540 0.469167 0.692955 0.489347 0.678750 0.494443 0.664132 0.487353 0.655601 0.469167 0.663844 0.447853 0.678750 0.441160 0.693891 0.448451
0 0.373246 0.527500 0.366284 0.545014 0.351250 0.551352 0.336170 0.545026 0.329552 0.527500 0.336122 0.510230 0.351250 0.502613 0.365308 0.509449
0 0.461267 0.691667 0.456901 0.711273 0.441250 0.722711 0.425078 0.711363 0.420509 0.691667 0.427629 0.670485 0.441250 0.661639 0.457542 0.672319
0 0.439131 0.538333 0.431630 0.558632 0.416250 0.567258 0.400229 0.557598 0.395976 0.538333 0.399566 0.516439 0.416250 0.511194 0.433745 0.516844
0 0.690428 0.176667 0.685951 0.202776 0.673750 0.211349 0.661105 0.202177 0.654952 0.176667 0.660886 0.150497 0.673750 0.142532 0.685724 0.150884
0 0.594173 0.125833 0.586705 0.152578 0.570000 0.167515 0.553026 0.152625 0.548971 0.125833 0.553747 0.095170 0.570000 0.082915 0.585718 0.099557
0 0.480388 0.565833 0.472978 0.581602 0.458125 0.591086 0.443042 0.584464 0.438345 0.565833 0.442698 0.547315 0.458125 0.540370 0.474478 0.550449
0 0.450949 0.350000 0.446200 0.373258 0.433125 0.382848 0.418738 0.373940 0.413801 0.350000 0.418377 0.324156 0.433125 0.312360 0.445742 0.325563
0 0.323363 0.479167 0.318768 0.502236 0.304375 0.509421 0.291839 0.503043 0.285766 0.479167 0.291528 0.456893 0.304375 0.450031 0.317622 0.457688
0 0.756767 0.372500 0.748775 0.392615 0.734375 0.398363 0.719442 0.393246 0.712703 0.372500 0.719607 0.352427 0.734375 0.342531 0.750242 0.353348
0 0.591199 0.549167 0.587410 0.574695 0.573125 0.588993 0.560462 0.574177 0.553995 0.549167 0.560625 0.523304 0.573125 0.513608 0.586441 0.523484
0 0.437056 0.195833 0.432101 0.220051 0.418125 0.226239 0.403822 0.216684 0.397219 0.195833 0.402986 0.173160 0.418125 0.162048 0.434038 0.171353
0 0.385612 0.340833 0.379939 0.365263 0.367500 0.377925 0.353992 0.367400 0.350305 0.340833 0.354686 0.314849 0.367500 0.306990 0.379368 0.319086
0 0.344736 0.252500 0.339768 0.274032 0.323125 0.285459 0.306620 0.277606 0.299120 0.252500 0.307223 0.227691 0.323125 0.218830 0.339459 0.227986
0 0.734742 0.451667 0.728345 0.470481 0.713750 0.478152 0.698608 0.471479 0.690681 0.451667 0.699672 0.430116 0.713750 0.423040 0.730048 0.430378
0 0.365397 0.216667 0.359749 0.247656 0.346250 0.265765 0.332626 0.250786 0.327342 0.216667 0.333917 0.185556 0.346250 0.168315 0.359464 0.186880
0 0.545695 0.605833 0.540598 0.622857 0.525000 0.633252 0.510063 0.624655 0.502882 0.605833 0.510856 0.587985 0.525000 0.581873 0.540458 0.586451
0 0.576044 0.169167 0.566657 0.197162 0.551875 0.204493 0.535297 0.194693 0.527061 0.169167 0.534618 0.143994 0.551875 0.129833 0.567620 0.141362
0 0.684729 0.620000 0.678533 0.643978 0.664375 0.653041 0.649647 0.640412 0.643355 0.620000 0.647389 0.599349 0.664375 0.588119 0.681252 0.596487
0 0.360212 0.352500 0.352208 0.370298 0.338125 0.382388 0.322954 0.373808 0.318784 0.352500 0.324508 0.331440 0.338125 0.327047 0.351930 0.332691
0 0.603176 0.411667 0.595238 0.428742 0.580625 0.433482 0.567056 0.428830 0.560915 0.411667 0.565658 0.394815 0.580625 0.387112 0.594933 0.395923
0 0.505681 0.114167 0.499656 0.137336 0.485000 0.150226 0.471939 0.140233 0.463831 0.114167 0.469566 0.088280 0.485000 0.080758 0.500274 0.086647
0 0.642779 0.261667 0.635165 0.281727 0.621250 0.292602 0.605297 0.281124 0.601962 0.261667 0.607106 0.239886 0.621250 0.232442 0.635342 0.239173
0 0.538801 0.507500 0.532737 0.526260 0.518125 0.538330 0.502243 0.528854 0.497750 0.507500 0.501710 0.486002 0.518125 0.476882 0.534295 0.486387
0 0.718448 0.355833 0.711035 0.376498 0.697500 0.383560 0.683731 0.375622 0.675088 0.355833 0.681706 0.336441 0.697500 0.329353 0.711248 0.335333
0 0.812012 0.411667 0.805979 0.433605 0.790000 0.439869 0.773292 0.433488 0.767025 0.411667 0.774493 0.392563 0.790000 0.382842 0.804474 0.390855
0 0.470191 0.100833 0.463484 0.125822 0.448125 0.135113 0.432910 0.125789 0.426937 0.100833 0.434104 0.077522 0.448125 0.067041 0.464170 0.080005
0 0.358806 0.622500 0.354290 0.643876 0.334375 0.649895 0.315796 0.644017 0.310000 0.622500 0.318032 0.601485 0.334375 0.591477 0.352114 0.601370
0 0.537006 0.142500 0.533280 0.174652 0.518750 0.181170 0.504986 0.173700 0.499719 0.142500 0.505665 0.109504 0.518750 0.103067 0.531960 0.113906
0 0.491470 0.516667 0.486571 0.534889 0.468125 0.545975 0.449577 0.537558 0.443835 0.516667 0.449809 0.498553 0.468125 0.489756 0.484473 0.496496
0 0.566263 0.075833 0.559755 0.100567 0.545625 0.111937 0.531568 0.103493 0.527150 0.075833 0.531152 0.051495 0.545625 0.040315 0.559597 0.051580
1 0.454746 0.430000 0.448785 0.464274 0.418125 0.480215 0.387519 0.466828 0.375769 0.430000 0.387816 0.396815 0.418125 0.374788 0.448373 0.391759
0 0.490690 0.726667 0.484719 0.754047 0.471250 0.761997 0.458462 0.756290 0.452749 0.726667 0.457421 0.699884 0.471250 0.687438 0.486601 0.698354
0 0.363607 0.300000 0.354735 0.318762 0.338750 0.328410 0.322718 0.320002 0.313792 0.300000 0.321237 0.279698 0.338750 0.275307 0.355554 0.280240
0 0.500268 0.260000 0.490742 0.284599 0.474375 0.291019 0.455989 0.284821 0.451548 0.260000 0.456297 0.235063 0.474375 0.229591 0.492161 0.235797
0 0.435131 0.715000 0.429932 0.737862 0.416250 0.748715 0.402866 0.736700 0.399154 0.715000 0.402932 0.692993 0.416250 0.683971 0.430219 0.693756
0 0.333941 0.536667 0.326261 0.557496 0.308125 0.564736 0.292295 0.557489 0.282677 0.536667 0.290501 0.517167 0.308125 0.505647 0.324352 0.515636
0 0.436108 0.288333 0.430773 0.313301 0.416875 0.321912 0.402880 0.312028 0.399449 0.288333 0.405243 0.262470 0.416875 0.255207 0.429509 0.264923
0 0.528584 0.410833 0.521949 0.432828 0.506250 0.443613 0.490994 0.432707 0.485095 0.410833 0.491015 0.386478 0.506250 0.377793 0.520670 0.389626
0 0.399245 0.394167 0.389473 0.412166 0.371250 0.419477 0.350452 0.412833 0.341589 0.394167 0.351347 0.376409 0.371250 0.367233 0.390381 0.375266
0 0.515084 0.365000 0.507962 0.380911 0.488750 0.387480 0.467406 0.380884 0.462689 0.365000 0.469404 0.351136 0.488750 0.342175 0.509064 0.350673
0 0.550816 0.554167 0.544744 0.569736 0.530625 0.579343 0.513668 0.569559 0.507267 0.554167 0.515305 0.538196 0.530625 0.528578 0.545526 0.537857
0 0.590323 0.620000 0.585397 0.641423 0.570625 0.649915 0.556854 0.639997 0.549507 0.620000 0.557569 0.598008 0.570625 0.588922 0.583330 0.600001
0 0.569063 0.450833 0.564532 0.473625 0.551875 0.479000 0.540521 0.473525 0.534569 0.450833 0.538869 0.429144 0.551875 0.418858 0.564111 0.427907
0 0.665933 0.212500 0.660824 0.239472 0.645000 0.247947 0.630570 0.237280 0.623802 0.212500 0.629263 0.185233 0.645000 0.175491 0.660213 0.185762
0 0.611741 0.487500 0.605486 0.501431 0.594375 0.510030 0.583581 0.502706 0.578054 0.487500 0.581500 0.471572 0.594375 0.464960 0.605601 0.472881
0 0.583496 0.505833 0.577413 0.523716 0.560000 0.529659 0.545007 0.521816 0.538352 0.505833 0.543172 0.487223 0.560000 0.482750 0.575829 0.489375
0 0.680176 0.353333 0.672985 0.376445 0.656250 0.384915 0.640061 0.374693 0.632769 0.353333 0.639827 0.328622 0.656250 0.320434 0.671489 0.328434
0 0.619426 0.565000 0.614444 0.588627 0.600625 0.598119 0.588703 0.591219 0.583052 0.565000 0.586551 0.538660 0.600625 0.524697 0.612449 0.540641
0 0.313003 0.295833 0.304537 0.318219 0.287500 0.327385 0.271924 0.319528 0.264352 0.295833 0.271358 0.274238 0.287500 0.266467 0.303218 0.273404
0 0.655624 0.324167 0.651790 0.348661 0.637500 0.360704 0.623499 0.348530 0.618158 0.324167 0.623131 0.300641 0.637500 0.285951 0.651021 0.297986
0 0.513304 0.471667 0.507327 0.492638 0.494375 0.500131 0.481187 0.494669 0.475692 0.471667 0.482477 0.449680 0.494375 0.441807 0.506888 0.451930
0 0.512890 0.206667 0.507713 0.228151 0.490625 0.237707 0.474467 0.230361 0.469605 0.206667 0.474518 0.181597 0.490625 0.174495 0.505771 0.181288
0 0.676169 0.262500 0.670370 0.289228 0.656875 0.296987 0.643249 0.289987 0.636543 0.262500 0.644295 0.235894 0.656875 0.229217 0.669531 0.238814
0 0.542194 0.448333 0.535660 0.469531 0.524375 0.474674 0.512493 0.469553 0.507060 0.448333 0.513592 0.427056 0.524375 0.420229 0.536922 0.428697
0 0.618515 0.329167 0.611859 0.350428 0.597500 0.358876 0.582459 0.349603 0.573026 0.329167 0.580331 0.309454 0.597500 0.300745 0.612159 0.307828
0 0.554267 0.697500 0.548463 0.717812 0.531875 0.722806 0.515849 0.717497 0.511960 0.697500 0.517810 0.677914 0.531875 0.672520 0.547699 0.679911
0 0.621522 0.444167 0.615253 0.462676 0.602500 0.472992 0.589120 0.462820 0.584789 0.444167 0.588778 0.424457 0.602500 0.416285 0.615296 0.425506
0 0.684309 0.405833 0.679752 0.428818 0.663750 0.437662 0.648551 0.429674 0.641977 0.405833 0.649491 0.382706 0.663750 0.375116 0.679295 0.385212
0 0.755517 0.315000 0.749885 0.336932 0.729375 0.348115 0.709791 0.336593 0.701998 0.315000 0.708433 0.293145 0.729375 0.281328 0.749344 0.293695
0 0.737026 0.650000 0.729429 0.671225 0.715000 0.684302 0.700856 0.670705 0.692304 0.650000 0.701381 0.627604 0.715000 0.617989 0.730239 0.629167
0 0.332731 0.364167 0.327484 0.392918 0.311875 0.402908 0.295582 0.394562 0.287314 0.364167 0.295454 0.338625 0.311875 0.321138 0.329642 0.336561
0 0.660664 0.427500 0.654104 0.447318 0.637500 0.452255 0.622391 0.445425 0.616331 0.427500 0.620786 0.408067 0.637500 0.398391 0.653424 0.408027
0 0.618419 0.643333 0.611970 0.665854 0.598750 0.680995 0.584564 0.666014 0.578872 0.643333 0.585235 0.616145 0.598750 0.605810 0.613359 0.616302
0 0.469401 0.191667 0.463478 0.215001 0.449375 0.228108 0.434789 0.214525 0.427817 0.191667 0.433971 0.165055 0.449375 0.159943 0.465644 0.165302
0 0.657007 0.702500 0.649080 0.728513 0.631250 0.738955 0.611354 0.732443 0.603063 0.702500 0.612008 0.672648 0.631250 0.667083 0.649987 0.672996
0 0.361658 0.417500 0.355847 0.442832 0.341875 0.453094 0.326504 0.443626 0.323208 0.417500 0.328420 0.390197 0.341875 0.379742 0.356340 0.392842
0 0.495558 0.321667 0.490399 0.343980 0.474375 0.352341 0.459656 0.342596 0.451732 0.321667 0.459301 0.300828 0.474375 0.290503 0.490550 0.301937
0 0.760090 0.570833 0.752083 0.600229 0.735625 0.611510 0.716584 0.600433 0.708385 0.570833 0.716171 0.540999 0.735625 0.531371 0.751949 0.541443
0 0.588442 0.685833 0.582248 0.706529 0.568750 0.716168 0.554317 0.708632 0.547650 0.685833 0.554528 0.661137 0.568750 0.650365 0.584037 0.664607
0 0.597438 0.368333 0.593036 0.385402 0.577500 0.391750 0.563713 0.386118 0.556094 0.368333 0.562578 0.353273 0.577500 0.346089 0.592194 0.352172
0 0.712564 0.675000 0.708121 0.699344 0.693125 0.707860 0.678383 0.702208 0.674114 0.675000 0.677927 0.648241 0.693125 0.640296 0.708668 0.648731
0 0.653831 0.574167 0.646513 0.593914 0.631875 0.601547 0.616260 0.596065 0.611736 0.574167 0.616503 0.554496 0.631875 0.544336 0.646885 0.553607
0 0.589004 0.055833 0.584506 0.074938 0.572500 0.087155 0.559176 0.078455 0.553916 0.055833 0.560818 0.035931 0.572500 0.027207 0.584883 0.034750
0 0.397261 0.563333 0.391487 0.585227 0.378750 0.594262 0.365223 0.584238 0.360530 0.563333 0.363618 0.543592 0.378750 0.532771 0.392274 0.542745
0 0.702777 0.591667 0.696117 0.619639 0.678750 0.632225 0.662372 0.621776 0.654872 0.591667 0.662498 0.560829 0.678750 0.554145 0.694887 0.563353
0 0.560925 0.400000 0.556437 0.420490 0.543750 0.424218 0.529572 0.417394 0.523768 0.400000 0.530739 0.381976 0.543750 0.371062 0.557888 0.381359
0 0.735153 0.405833 0.727761 0.423252 0.706875 0.430387 0.688339 0.424566 0.676935 0.405833 0.686949 0.389354 0.706875 0.381794 0.725541 0.386892
0 0.597476 0.741667 0.590847 0.762160 0.576875 0.771697 0.562213 0.762780 0.553279 0.741667 0.562116 0.720580 0.576875 0.712166 0.593826 0.720405
0 0.526236 0.323333 0.521948 0.343169 0.504375 0.355178 0.487693 0.345060 0.480688 0.323333 0.489280 0.300478 0.504375 0.296066 0.520932 0.300397
0 0.776068 0.516667 0.770140 0.546511 0.756875 0.563454 0.741365 0.548545 0.735237 0.516667 0.743532 0.486885 0.756875 0.475870 0.771485 0.484867
0 0.787075 0.232500 0.780336 0.250466 0.765000 0.256464 0.749621 0.252242 0.743820 0.232500 0.749165 0.214667 0.765000 0.206135 0.779760 0.213477
0 0.293169 0.386667 0.288552 0.407927 0.270625 0.416818 0.254196 0.404908 0.249685 0.386667 0.255623 0.364822 0.270625 0.359049 0.287663 0.367177
0 0.384803 0.450000 0.380193 0.472462 0.367500 0.481230 0.353448 0.471280 0.348870 0.450000 0.353062 0.427186 0.367500 0.421036 0.379552 0.428147
0 0.464233 0.284167 0.460018 0.316853 0.447500 0.322973 0.435367 0.315025 0.429074 0.284167 0.436327 0.255539 0.447500 0.238489 0.459124 0.256238
0 0.405184 0.510833 0.398397 0.531624 0.381875 0.537124 0.363370 0.530534 0.358864 0.510833 0.365049 0.489703 0.381875 0.483637 0.397993 0.490696
0 0.429293 0.223333 0.425753 0.248643 0.408750 0.253688 0.393778 0.246493 0.388451 0.223333 0.392807 0.199465 0.408750 0.190723 0.425738 0.197862
0 0.581915 0.230833 0.577127 0.253449 0.559375 0.257887 0.543194 0.252544 0.536311 0.230833 0.542290 0.209484 0.559375 0.202596 0.577196 0.211804
0 0.492207 0.155833 0.481550 0.174286 0.460625 0.182443 0.439133 0.176100 0.430878 0.155833 0.438578 0.136639 0.460625 0.130077 0.482992 0.137232
0 0.489368 0.458333 0.482198 0.481509 0.470000 0.489974 0.457418 0.481339 0.450395 0.458333 0.456253 0.433935 0.470000 0.422369 0.483600 0.433760
0 0.611701 0.264167 0.604711 0.292010 0.590625 0.306035 0.576435 0.293622 0.570320 0.264167 0.577999 0.235061 0.590625 0.224266 0.604396 0.236947
0 0.297483 0.465000 0.292723 0.486795 0.276875 0.495068 0.261426 0.487782 0.254073 0.465000 0.262707 0.443244 0.276875 0.432475 0.290813 0.444124
0 0.810171 0.504167 0.803012 0.525700 0.788750 0.531146 0.775170 0.525275 0.768638 0.504167 0.775081 0.485021 0.788750 0.476519 0.802492 0.484631
0 0.660859 0.471667 0.655269 0.488478 0.639375 0.497266 0.622705 0.487989 0.616477 0.471667 0.623632 0.454830 0.639375 0.449029 0.654297 0.455254
0 0.314734 0.575833 0.307312 0.596469 0.291250 0.605012 0.275920 0.597761 0.266307 0.575833 0.275168 0.556958 0.291250 0.545654 0.309471 0.554428
0 0.328480 0.193333 0.323796 0.212788 0.311875 0.221634 0.300061 0.216316 0.294320 0.193333 0.298358 0.172768 0.311875 0.164192 0.325950 0.171195
0 0.770140 0.195833 0.762457 0.214374 0.748750 0.220529 0.735811 0.214948 0.727516 0.195833 0.733733 0.175985 0.748750 0.172131 0.761818 0.177405
0 0.592960 0.459167 0.588268 0.477230 0.580000 0.482413 0.571750 0.475257 0.568676 0.459167 0.571985 0.440862 0.580000 0.433899 0.588176 0.442350
0 0.371902 0.681667 0.367181 0.710248 0.351875 0.721559 0.338442 0.710515 0.330956 0.681667 0.338163 0.653233 0.351875 0.645378 0.365497 0.653322
0 0.466588 0.293333 0.461762 0.314749 0.449375 0.324124 0.437025 0.317499 0.433882 0.293333 0.436976 0.269707 0.449375 0.260795 0.460283 0.270388
0 0.299871 0.337500 0.293086 0.356180 0.276250 0.363907 0.259742 0.359587 0.253186 0.337500 0.260976 0.317624 0.276250 0.307682 0.291967 0.317365
0 0.399720 0.503333 0.392170 0.520515 0.377500 0.529071 0.363972 0.521763 0.354843 0.503333 0.361128 0.486632 0.377500 0.478398 0.393775 0.486650
0 0.802684 0.558333 0.796686 0.577230 0.784375 0.585207 0.772198 0.576058 0.767698 0.558333 0.772124 0.538556 0.784375 0.529405 0.796188 0.540186
0 0.405108 0.492500 0.395985 0.505515 0.380000 0.510989 0.361974 0.505108 0.355413 0.492500 0.364145 0.479201 0.380000 0.475021 0.398021 0.481120
0 0.436168 0.437500 0.426173 0.476449 0.408750 0.496059 0.390290 0.473904 0.382095 0.437500 0.389896 0.395828 0.408750 0.387096 0.426048 0.395861
0 0.498522 0.270833 0.490008 0.298671 0.471875 0.314382 0.450404 0.297564 0.446193 0.270833 0.451579 0.244335 0.471875 0.227515 0.490823 0.242273
0 0.790214 0.291667 0.781803 0.314034 0.763125 0.323310 0.745912 0.316249 0.738455 0.291667 0.744606 0.268237 0.763125 0.260092 0.781563 0.268946
0 0.776935 0.532500 0.772519 0.552291 0.756875 0.558622 0.743114 0.553193 0.736702 0.532500 0.743438 0.511996 0.756875 0.505694 0.770794 0.513633
0 0.696228 0.113333 0.691749 0.132273 0.677500 0.139501 0.664428 0.135164 0.658513 0.113333 0.662666 0.092282 0.677500 0.087159 0.692365 0.094311
