0 0.607644 0.581667 0.598794 0.608236 0.583750 0.618025 0.566665 0.608637 0.560195 0.581667 0.566314 0.557137 0.583750 0.542505 0.600780 0.554562
0 0.733420 0.596667 0.725559 0.619698 0.706875 0.632655 0.689277 0.622171 0.682362 0.596667 0.688615 0.572905 0.706875 0.561045 0.724134 0.571406
0 0.608949 0.160833 0.603104 0.184599 0.591875 0.192652 0.580285 0.182743 0.575289 0.160833 0.581107 0.134448 0.591875 0.127329 0.602721 0.137845
0 0.782133 0.585833 0.771145 0.606616 0.753750 0.613077 0.733367 0.603336 0.725487 0.585833 0.733632 0.565060 0.753750 0.560621 0.771694 0.567780
0 0.580352 0.730000 0.572471 0.752503 0.557500 0.763371 0.542416 0.754171 0.536806 0.730000 0.541476 0.709059 0.557500 0.696723 0.573946 0.708169
0 0.475653 0.134167 0.470410 0.156128 0.456875 0.169650 0.442084 0.160240 0.436633 0.134167 0.443802 0.107609 0.456875 0.098904 0.471608 0.110969
0 0.439245 0.437500 0.431543 0.462305 0.417500 0.471423 0.403949 0.459692 0.395576 0.437500 0.403174 0.412488 0.417500 0.402812 0.432776 0.414447
0 0.344981 0.420833 0.336513 0.440047 0.320000 0.448783 0.303971 0.442215 0.294896 0.420833 0.302727 0.401218 0.320000 0.395395 0.335343 0.399601
0 0.662708 0.278333 0.655678 0.306228 0.639375 0.314553 0.622403 0.306147 0.615812 0.278333 0.623845 0.250247 0.639375 0.245327 0.655207 0.251656
0 0.571902 0.462500 0.567956 0.478975 0.555000 0.489608 0.542553 0.482226 0.535584 0.462500 0.541454 0.445148 0.555000 0.437749 0.567346 0.442854
0 0.756044 0.443333 0.751642 0.466954 0.731875 0.473758 0.712301 0.465963 0.703896 0.443333 0.715170 0.422008 0.731875 0.413414 0.749523 0.420938
0 0.340155 0.369167 0.332915 0.390854 0.316250 0.398445 0.301377 0.389809 0.295243 0.369167 0.298795 0.349457 0.316250 0.339479 0.333013 0.348958
0 0.394839 0.375833 0.390566 0.396241 0.380000 0.403417 0.367935 0.397000 0.364522 0.375833 0.369314 0.357177 0.380000 0.348841 0.390744 0.356719
0 0.409004 0.616667 0.401674 0.646830 0.385000 0.659835 0.367540 0.642851 0.359967 0.616667 0.369825 0.591163 0.385000 0.575258 0.400381 0.587008
0 0.581731 0.611667 0.575466 0.637239 0.561250 0.649534 0.546762 0.636340 0.541475 0.611667 0.549113 0.583978 0.561250 0.574061 0.573636 0.583764
0 0.615309 0.095000 0.609468 0.119532 0.591250 0.127472 0.573904 0.120769 0.566967 0.095000 0.575135 0.071943 0.591250 0.060788 0.610498 0.070967
0 0.491394 0.492500 0.483707 0.510317 0.472500 0.516215 0.459796 0.511614 0.454784 0.492500 0.460486 0.473231 0.472500 0.464506 0.485837 0.474527
0 0.393756 0.258333 0.390036 0.281317 0.374375 0.287632 0.358464 0.278926 0.353751 0.258333 0.359320 0.235015 0.374375 0.228489 0.389545 0.234416
0 0.622283 0.279167 0.617647 0.304688 0.605000 0.314515 0.591975 0.303259 0.588771 0.279167 0.591940 0.255634 0.605000 0.245998 0.618541 0.252906
0 0.789218 0.382500 0.784147 0.408273 0.769375 0.418113 0.753904 0.406234 0.749714 0.382500 0.753405 0.355943 0.769375 0.349732 0.783018 0.354805
0 0.521120 0.727500 0.515774 0.755036 0.503750 0.764898 0.491696 0.753607 0.487367 0.727500 0.490967 0.704685 0.503750 0.693423 0.515250 0.702537
0 0.759439 0.381667 0.753427 0.402182 0.737500 0.414008 0.723119 0.402422 0.716213 0.381667 0.721710 0.357787 0.737500 0.351553 0.754525 0.360110
0 0.548757 0.755000 0.541636 0.780525 0.528750 0.791588 0.514751 0.786085 0.507521 0.755000 0.515992 0.728838 0.528750 0.714584 0.542092 0.727564
0 0.401647 0.455000 0.396653 0.478904 0.381875 0.488226 0.366839 0.480225 0.359283 0.455000 0.367694 0.428353 0.381875 0.417079 0.396931 0.429823
0 0.420502 0.191667 0.413948 0.212537 0.397500 0.220606 0.381528 0.211766 0.372232 0.191667 0.380839 0.168802 0.397500 0.159507 0.415196 0.170114
0 0.599306 0.328333 0.592626 0.347588 0.574375 0.353682 0.557233 0.345275 0.548204 0.328333 0.556670 0.309514 0.574375 0.301622 0.591680 0.311066
0 0.654761 0.117500 0.647601 0.143799 0.632500 0.148339 0.616804 0.140129 0.611308 0.117500 0.616891 0.091383 0.632500 0.080161 0.647055 0.095595
0 0.590118 0.676667 0.582221 0.699365 0.567500 0.704100 0.553801 0.697859 0.544136 0.676667 0.552949 0.656790 0.567500 0.645098 0.581567 0.653855
0 0.548100 0.603333 0.539355 0.627345 0.525000 0.639075 0.510381 0.625520 0.504168 0.603333 0.511127 0.581086 0.525000 0.572168 0.539760 0.581863
0 0.400834 0.318333 0.391328 0.337957 0.375625 0.349320 0.357809 0.340924 0.351133 0.318333 0.359510 0.297507 0.375625 0.286059 0.393167 0.296445
0 0.771516 0.493333 0.764621 0.512172 0.745000 0.519649 0.728201 0.512938 0.717275 0.493333 0.725731 0.473651 0.745000 0.466598 0.764210 0.472747
0 0.456698 0.357500 0.450988 0.383369 0.435000 0.388481 0.419709 0.383918 0.413863 0.357500 0.420722 0.334137 0.435000 0.323351 0.448875 0.331482
0 0.610891 0.653333 0.607612 0.677975 0.593125 0.693095 0.578649 0.679405 0.574479 0.653333 0.580172 0.624640 0.593125 0.613932 0.606858 0.624630
0 0.426909 0.490833 0.418850 0.511963 0.405625 0.521206 0.391820 0.511760 0.386678 0.490833 0.392816 0.471390 0.405625 0.464265 0.419131 0.472140
0 0.506291 0.275833 0.500707 0.298405 0.486875 0.302631 0.471565 0.296542 0.466505 0.275833 0.473498 0.256456 0.486875 0.244659 0.501467 0.254072
0 0.497588 0.705000 0.492548 0.728154 0.476250 0.736371 0.459272 0.727995 0.452261 0.705000 0.459304 0.683763 0.476250 0.671117 0.490741 0.680340
0 0.461182 0.555833 0.454809 0.577154 0.441875 0.587305 0.429425 0.577331 0.423737 0.555833 0.427473 0.530832 0.441875 0.522466 0.454897 0.533871
0 0.368950 0.360833 0.364584 0.386822 0.350625 0.395557 0.336849 0.387282 0.331120 0.360833 0.338081 0.331702 0.350625 0.326493 0.363222 0.335965
0 0.617466 0.733333 0.614001 0.759022 0.598125 0.767291 0.582111 0.757467 0.577277 0.733333 0.584857 0.708100 0.598125 0.698697 0.613051 0.710813
0 0.569200 0.235833 0.563768 0.254270 0.547500 0.261787 0.530351 0.253885 0.525334 0.235833 0.530759 0.217983 0.547500 0.210795 0.564720 0.215346
0 0.567637 0.505833 0.560322 0.522032 0.544375 0.527833 0.530355 0.522029 0.521022 0.505833 0.528105 0.490623 0.544375 0.482249 0.559651 0.491345
0 0.422543 0.691667 0.415250 0.716211 0.398750 0.726018 0.384368 0.713818 0.378321 0.691667 0.383467 0.669729 0.398750 0.656367 0.413863 0.668141
0 0.495769 0.644167 0.489349 0.666660 0.475625 0.676501 0.460947 0.664246 0.455440 0.644167 0.461122 0.622544 0.475625 0.611021 0.488713 0.622739
0 0.458522 0.498333 0.453623 0.517104 0.438125 0.526717 0.422425 0.516775 0.417841 0.498333 0.424037 0.476601 0.438125 0.470633 0.453848 0.478912
0 0.461468 0.628333 0.455205 0.650074 0.441250 0.659199 0.426880 0.653822 0.420252 0.628333 0.426283 0.605652 0.441250 0.597714 0.455173 0.603437
0 0.805543 0.440833 0.796022 0.459702 0.778750 0.466905 0.759896 0.460231 0.750429 0.440833 0.761828 0.422528 0.778750 0.415445 0.797636 0.420831
0 0.552207 0.688333 0.548018 0.710064 0.531875 0.722790 0.515609 0.713158 0.510273 0.688333 0.517223 0.664711 0.531875 0.655909 0.546835 0.664660
0 0.375536 0.432500 0.371267 0.460042 0.356250 0.465464 0.341522 0.457917 0.334195 0.432500 0.341849 0.406415 0.356250 0.394561 0.370064 0.405917
0 0.500432 0.443333 0.495191 0.462198 0.481250 0.469276 0.468394 0.462965 0.460934 0.443333 0.466721 0.425184 0.481250 0.415088 0.494814 0.422937
0 0.718343 0.184167 0.708756 0.210191 0.688750 0.220372 0.666817 0.209024 0.661507 0.184167 0.668027 0.159688 0.688750 0.147461 0.708440 0.158102
0 0.564147 0.070000 0.557385 0.092036 0.540625 0.097271 0.521831 0.090841 0.515686 0.070000 0.524859 0.048346 0.540625 0.037746 0.556909 0.049902
0 0.434908 0.590000 0.428341 0.607122 0.413125 0.617568 0.398315 0.607829 0.391844 0.590000 0.398185 0.571817 0.413125 0.564755 0.430060 0.571883
0 0.423554 0.398333 0.415892 0.419377 0.401875 0.429087 0.386067 0.419197 0.382662 0.398333 0.385906 0.378848 0.401875 0.369998 0.415809 0.379265
0 0.733717 0.513333 0.726740 0.532665 0.710625 0.544034 0.693887 0.536013 0.685271 0.513333 0.693802 0.493998 0.710625 0.481640 0.727545 0.491642
0 0.762994 0.547500 0.756943 0.567155 0.738750 0.575784 0.723600 0.567538 0.713368 0.547500 0.722347 0.528124 0.738750 0.522542 0.755721 0.526919
0 0.471449 0.451667 0.463905 0.469526 0.450625 0.477017 0.435864 0.471669 0.429835 0.451667 0.437924 0.434462 0.450625 0.426093 0.465467 0.432912
0 0.523775 0.235000 0.516450 0.256151 0.501250 0.264360 0.486288 0.257568 0.479637 0.235000 0.485875 0.213438 0.501250 0.202320 0.515901 0.213075
0 0.590718 0.276667 0.585652 0.299801 0.573125 0.310626 0.560344 0.302554 0.557764 0.276667 0.561061 0.254424 0.573125 0.244353 0.584048 0.253018
0 0.507146 0.400833 0.500047 0.419615 0.486875 0.427714 0.474418 0.419347 0.469355 0.400833 0.474030 0.381489 0.486875 0.373965 0.501763 0.382919
0 0.359662 0.546667 0.353476 0.565796 0.338125 0.578274 0.321709 0.569294 0.317901 0.546667 0.323860 0.524711 0.338125 0.515154 0.353595 0.524138
0 0.495641 0.540833 0.487417 0.559374 0.473750 0.563038 0.459465 0.556245 0.451993 0.540833 0.459395 0.524924 0.473750 0.518320 0.487788 0.524998
0 0.400638 0.521667 0.396237 0.548674 0.382500 0.557964 0.367998 0.548112 0.361163 0.521667 0.367841 0.497468 0.382500 0.489836 0.397503 0.497085
0 0.704346 0.541667 0.697028 0.559709 0.682500 0.569011 0.665292 0.562486 0.659785 0.541667 0.666843 0.520942 0.682500 0.514777 0.697975 0.523155
0 0.611038 0.225833 0.606294 0.247610 0.590000 0.257151 0.573494 0.245444 0.570141 0.225833 0.574726 0.204245 0.590000 0.198821 0.603720 0.207260
0 0.522545 0.556667 0.518276 0.576515 0.505625 0.581042 0.492788 0.574238 0.489842 0.556667 0.493949 0.538467 0.505625 0.530322 0.517922 0.536539
0 0.690112 0.503333 0.681345 0.520654 0.665000 0.525704 0.647110 0.518765 0.638931 0.503333 0.647968 0.488217 0.665000 0.480139 0.681554 0.487780
0 0.554232 0.190833 0.550470 0.214065 0.535000 0.221799 0.521075 0.212382 0.516805 0.190833 0.521664 0.167416 0.535000 0.158181 0.549342 0.169983
0 0.658936 0.581667 0.649056 0.603280 0.632500 0.614091 0.614321 0.602731 0.606572 0.581667 0.614787 0.560876 0.632500 0.548532 0.649283 0.558894
0 0.503639 0.325000 0.497348 0.342117 0.482500 0.350387 0.467057 0.342274 0.461304 0.325000 0.468022 0.307071 0.482500 0.302421 0.497937 0.305647
0 0.519257 0.075833 0.511885 0.095120 0.495000 0.105070 0.478837 0.095599 0.474307 0.075833 0.479218 0.053817 0.495000 0.044202 0.510347 0.057245
0 0.519942 0.175833 0.511048 0.196176 0.491875 0.202280 0.473235 0.195729 0.464619 0.175833 0.472197 0.153973 0.491875 0.147275 0.508571 0.154257
0 0.372686 0.496667 0.368700 0.517780 0.352500 0.524539 0.338622 0.515517 0.330129 0.496667 0.338853 0.478230 0.352500 0.467549 0.366676 0.476317
0 0.645590 0.647500 0.638703 0.669700 0.626250 0.680085 0.612930 0.670411 0.605750 0.647500 0.612180 0.622805 0.626250 0.617600 0.639625 0.624003
0 0.651077 0.710000 0.641403 0.731727 0.624375 0.739896 0.608763 0.732309 0.598653 0.710000 0.607373 0.688091 0.624375 0.681025 0.640657 0.686722
0 0.447087 0.300833 0.443959 0.323868 0.428750 0.334066 0.413414 0.321949 0.410280 0.300833 0.414712 0.278755 0.428750 0.270048 0.442822 0.276081
0 0.704343 0.331667 0.695912 0.348944 0.679375 0.358975 0.662011 0.350810 0.654856 0.331667 0.660540 0.313624 0.679375 0.306031 0.696452 0.312914
0 0.434298 0.650000 0.427266 0.669919 0.411875 0.678720 0.397482 0.669404 0.391028 0.650000 0.396132 0.631801 0.411875 0.624325 0.426329 0.632999
0 0.675293 0.628333 0.669000 0.649035 0.651250 0.660024 0.633431 0.647485 0.626521 0.628333 0.635980 0.606236 0.651250 0.596297 0.667842 0.606155
0 0.424900 0.544167 0.421603 0.562895 0.408125 0.568556 0.394574 0.560663 0.390761 0.544167 0.395795 0.526675 0.408125 0.519656 0.419695 0.527892
0 0.349008 0.603333 0.344179 0.625865 0.328750 0.634487 0.314615 0.623266 0.307715 0.603333 0.313592 0.580213 0.328750 0.571804 0.342727 0.581417
0 0.578346 0.145833 0.571824 0.178893 0.559375 0.192121 0.547764 0.179009 0.540638 0.145833 0.545764 0.113857 0.559375 0.100014 0.572832 0.115653
0 0.538904 0.469167 0.531293 0.487167 0.517500 0.496427 0.503845 0.490367 0.494620 0.469167 0.502776 0.450698 0.517500 0.442754 0.533649 0.450686
0 0.562788 0.289167 0.557967 0.308896 0.545000 0.317822 0.530814 0.309367 0.525063 0.289167 0.531140 0.270879 0.545000 0.260867 0.557407 0.267913
0 0.304070 0.293333 0.298757 0.311776 0.283750 0.319063 0.270200 0.312832 0.264034 0.293333 0.269514 0.272757 0.283750 0.266536 0.297999 0.275901
0 0.529755 0.361667 0.523891 0.382286 0.510000 0.389267 0.495166 0.380525 0.489792 0.361667 0.496679 0.342569 0.510000 0.336913 0.524237 0.344043
0 0.561653 0.419167 0.556527 0.442875 0.542500 0.451413 0.529247 0.440886 0.523029 0.419167 0.528170 0.396331 0.542500 0.385966 0.555861 0.397717
0 0.381352 0.203333 0.376470 0.223935 0.359375 0.233205 0.342289 0.226616 0.333216 0.203333 0.340935 0.180101 0.359375 0.174040 0.376135 0.179215
0 0.423327 0.335833 0.419563 0.360747 0.405625 0.368955 0.391689 0.361022 0.387379 0.335833 0.393017 0.313314 0.405625 0.299594 0.418960 0.310847
0 0.567946 0.552500 0.561074 0.570552 0.543125 0.579966 0.525887 0.573766 0.520519 0.552500 0.527577 0.534987 0.543125 0.527385 0.559551 0.533954
0 0.522374 0.506667 0.516668 0.525099 0.503125 0.532862 0.489342 0.526806 0.482885 0.506667 0.489623 0.488810 0.503125 0.479677 0.516591 0.488293
0 0.641833 0.216667 0.637761 0.240059 0.625000 0.252969 0.611870 0.242898 0.607123 0.216667 0.612511 0.190702 0.625000 0.178380 0.636885 0.190637
0 0.721953 0.405833 0.716665 0.425958 0.703125 0.436222 0.688130 0.427902 0.680564 0.405833 0.689440 0.384619 0.703125 0.372459 0.719062 0.386009
0 0.387579 0.670833 0.379980 0.695900 0.367500 0.706864 0.352954 0.695620 0.348573 0.670833 0.353688 0.643105 0.367500 0.631680 0.381308 0.648008
0 0.618671 0.540000 0.613906 0.557863 0.599375 0.565589 0.584771 0.558524 0.579618 0.540000 0.584167 0.520368 0.599375 0.512377 0.613941 0.521418
0 0.486812 0.210833 0.480830 0.236750 0.466875 0.247077 0.452495 0.238833 0.449048 0.210833 0.452465 0.184780 0.466875 0.170836 0.479429 0.183550
0 0.430417 0.260000 0.425183 0.286327 0.410000 0.295566 0.395475 0.287458 0.390432 0.260000 0.395353 0.231219 0.410000 0.225093 0.423312 0.233056
0 0.460006 0.693333 0.454684 0.713573 0.439375 0.722401 0.423580 0.717303 0.417953 0.693333 0.423367 0.672292 0.439375 0.663563 0.453063 0.671331
0 0.536438 0.302500 0.532806 0.328531 0.518125 0.336565 0.505039 0.329679 0.497499 0.302500 0.505776 0.275130 0.518125 0.261662 0.532732 0.275935
0 0.703797 0.453333 0.695112 0.475006 0.675000 0.483042 0.655905 0.474972 0.649039 0.453333 0.657349 0.434298 0.675000 0.422334 0.695167 0.434944
0 0.543338 0.126667 0.539622 0.148007 0.526875 0.159853 0.515440 0.150480 0.509181 0.126667 0.515168 0.104911 0.526875 0.090825 0.537616 0.102332
0 0.464190 0.399167 0.459938 0.417811 0.444375 0.423791 0.428006 0.419117 0.424028 0.399167 0.428623 0.379126 0.444375 0.371219 0.458882 0.382183
0 0.501093 0.589167 0.495274 0.608737 0.479375 0.612762 0.463726 0.608132 0.459602 0.589167 0.464837 0.570325 0.479375 0.564392 0.493074 0.572517
0 0.588604 0.385833 0.583708 0.407427 0.570625 0.416638 0.556629 0.405162 0.550896 0.385833 0.556867 0.366060 0.570625 0.354110 0.583474 0.364799
0 0.538939 0.641667 0.530082 0.668516 0.515000 0.674847 0.499984 0.666278 0.491788 0.641667 0.498222 0.616009 0.515000 0.603754 0.531918 0.618633
0 0.565466 0.359167 0.559316 0.381351 0.546875 0.385762 0.535236 0.377817 0.529465 0.359167 0.533989 0.340511 0.546875 0.332296 0.560832 0.336796
0 0.511171 0.128333 0.503783 0.147062 0.491875 0.156383 0.479941 0.146922 0.472868 0.128333 0.480252 0.108061 0.491875 0.103122 0.503588 0.108925
0 0.382158 0.593333 0.375545 0.616054 0.362500 0.624888 0.349050 0.617232 0.342405 0.593333 0.349888 0.572677 0.362500 0.560201 0.375193 0.571991
0 0.695100 0.394167 0.691483 0.420678 0.675625 0.428750 0.661172 0.418597 0.656373 0.394167 0.660256 0.365769 0.675625 0.354136 0.690483 0.365841
0 0.446389 0.735833 0.439201 0.757020 0.422500 0.765573 0.407305 0.754814 0.398657 0.735833 0.404557 0.714788 0.422500 0.707892 0.438884 0.717914
0 0.735963 0.293333 0.725262 0.309343 0.702500 0.318721 0.678859 0.312123 0.671597 0.293333 0.679668 0.276953 0.702500 0.270209 0.723207 0.274813
0 0.332809 0.517500 0.323731 0.540083 0.304375 0.550457 0.283743 0.542688 0.273565 0.517500 0.282969 0.493359 0.304375 0.482120 0.325879 0.495700
0 0.789101 0.326667 0.781926 0.348787 0.763750 0.356306 0.746787 0.347747 0.741027 0.326667 0.748249 0.304461 0.763750 0.297513 0.781528 0.305705
0 0.348123 0.299167 0.338093 0.324216 0.323125 0.332147 0.307111 0.320090 0.301334 0.299167 0.306303 0.274580 0.323125 0.265446 0.338174 0.276045
0 0.647968 0.519167 0.645069 0.544282 0.628750 0.548816 0.613941 0.543749 0.608244 0.519167 0.612317 0.494701 0.628750 0.486108 0.644278 0.496547
0 0.754590 0.245833 0.742950 0.268331 0.722500 0.278435 0.699674 0.269080 0.692260 0.245833 0.703348 0.223813 0.722500 0.212260 0.745755 0.220977
0 0.423065 0.136667 0.418525 0.159941 0.401250 0.168750 0.385541 0.159078 0.376658 0.136667 0.383828 0.112865 0.401250 0.103125 0.419352 0.116412
0 0.448239 0.217500 0.444272 0.240875 0.428750 0.251869 0.414728 0.239951 0.409276 0.217500 0.414141 0.193485 0.428750 0.184519 0.443573 0.195268
0 0.304686 0.464167 0.295308 0.491899 0.280000 0.497990 0.264569 0.491222 0.259288 0.464167 0.262845 0.440037 0.280000 0.426096 0.296900 0.437038
0 0.456995 0.160000 0.451726 0.186342 0.438125 0.195363 0.424262 0.183129 0.417925 0.160000 0.423784 0.137447 0.438125 0.125050 0.452750 0.136832
0 0.531416 0.414167 0.524239 0.435721 0.513125 0.442183 0.502147 0.435495 0.497485 0.414167 0.501847 0.394000 0.513125 0.382880 0.525806 0.392409
0 0.683927 0.705000 0.677918 0.728983 0.662500 0.743573 0.645317 0.731145 0.639969 0.705000 0.647375 0.679919 0.662500 0.669097 0.678443 0.679806
0 0.742942 0.337500 0.736918 0.361193 0.718125 0.374731 0.702178 0.360527 0.693293 0.337500 0.700448 0.311766 0.718125 0.301052 0.736658 0.311338
0 0.609020 0.444167 0.599056 0.464707 0.583750 0.473861 0.565414 0.465268 0.561951 0.444167 0.566308 0.425184 0.583750 0.413382 0.600972 0.422653
0 0.706404 0.245833 0.698595 0.270340 0.680625 0.279029 0.663611 0.269729 0.657468 0.245833 0.665025 0.219398 0.680625 0.213249 0.698559 0.220576
0 0.471883 0.280000 0.466614 0.309514 0.452500 0.325480 0.438227 0.309768 0.433384 0.280000 0.438765 0.251683 0.452500 0.237222 0.465544 0.251404
0 0.319766 0.240000 0.314311 0.259982 0.301250 0.270719 0.287892 0.259631 0.282187 0.240000 0.289612 0.219135 0.301250 0.212902 0.314579 0.220898
0 0.708234 0.665833 0.702519 0.693341 0.685625 0.705431 0.668928 0.693213 0.660916 0.665833 0.669229 0.641931 0.685625 0.630308 0.701449 0.640098
0 0.332289 0.579167 0.324734 0.602079 0.306875 0.612777 0.290047 0.599557 0.281746 0.579167 0.291329 0.556182 0.306875 0.546248 0.324132 0.556505
0 0.317326 0.346667 0.311286 0.371120 0.294375 0.378617 0.278165 0.368956 0.268948 0.346667 0.278538 0.323548 0.294375 0.315824 0.311240 0.324799
0 0.349689 0.471667 0.338987 0.492704 0.323125 0.499355 0.306621 0.492449 0.299994 0.471667 0.305715 0.453542 0.323125 0.440735 0.341888 0.453550
0 0.643949 0.160833 0.637513 0.177569 0.623750 0.182829 0.609997 0.176834 0.605411 0.160833 0.609771 0.144411 0.623750 0.138694 0.637977 0.145108
0 0.604713 0.499167 0.599174 0.520133 0.583750 0.524166 0.569000 0.517966 0.561926 0.499167 0.569537 0.481460 0.583750 0.471292 0.598632 0.478332
0 0.812317 0.487500 0.807663 0.511622 0.792500 0.524363 0.777211 0.516021 0.773290 0.487500 0.778977 0.461789 0.792500 0.448391 0.805340 0.460706
0 0.360056 0.265000 0.352988 0.285512 0.337500 0.295649 0.321235 0.289346 0.314374 0.265000 0.322192 0.243036 0.337500 0.234049 0.351639 0.241761
0 0.649987 0.472500 0.640185 0.492815 0.623750 0.505371 0.605321 0.495964 0.599983 0.472500 0.605796 0.448777 0.623750 0.444204 0.642851 0.450654
0 0.488730 0.360833 0.483084 0.380170 0.470625 0.384324 0.457775 0.380453 0.452100 0.360833 0.457774 0.342230 0.470625 0.337429 0.484501 0.344173
0 0.471303 0.074167 0.463819 0.097245 0.449375 0.109289 0.435001 0.096802 0.425790 0.074167 0.432562 0.050935 0.449375 0.043973 0.465468 0.051573
0 0.355990 0.663333 0.350049 0.688610 0.334375 0.698975 0.319381 0.687979 0.313248 0.663333 0.321079 0.640282 0.334375 0.626831 0.347517 0.637557
0 0.302871 0.404167 0.296580 0.419860 0.281875 0.427830 0.267991 0.420764 0.262856 0.404167 0.267566 0.388327 0.281875 0.379929 0.296574 0.386716
0 0.304451 0.557500 0.295254 0.578708 0.278125 0.591253 0.260117 0.579138 0.255848 0.557500 0.261828 0.537720 0.278125 0.529393 0.296092 0.533945
0 0.676155 0.210000 0.670547 0.241328 0.657500 0.250301 0.644114 0.240944 0.639860 0.210000 0.645110 0.180236 0.657500 0.164525 0.669555 0.179981
0 0.685822 0.111667 0.680559 0.136466 0.667500 0.142738 0.654724 0.137486 0.646404 0.111667 0.653063 0.088561 0.667500 0.076492 0.681910 0.090434
0 0.644110 0.153333 0.638296 0.172822 0.623125 0.180889 0.607683 0.172976 0.600785 0.153333 0.607804 0.134179 0.623125 0.125741 0.638580 0.130224
0 0.343602 0.205000 0.337893 0.225614 0.323750 0.233836 0.309310 0.224849 0.304381 0.205000 0.308150 0.185267 0.323750 0.179047 0.338287 0.183080
0 0.741921 0.665000 0.737114 0.686298 0.720625 0.694429 0.706086 0.686548 0.698368 0.665000 0.705002 0.644835 0.720625 0.636059 0.736477 0.643108
0 0.617342 0.359167 0.610913 0.376005 0.601250 0.383250 0.590831 0.375404 0.586982 0.359167 0.590782 0.342583 0.601250 0.338095 0.611424 0.341815
1 0.674481 0.376270 0.658240 0.425769 0.627081 0.442529 0.597648 0.426201 0.587599 0.376270 0.593878 0.332742 0.627081 0.305573 0.657462 0.325068
