0 0.480003 0.730000 0.475434 0.755053 0.456875 0.767107 0.438610 0.753738 0.431032 0.730000 0.439970 0.705576 0.456875 0.693149 0.472394 0.706459
0 0.670801 0.710833 0.664090 0.735286 0.645000 0.743946 0.628365 0.731571 0.621756 0.710833 0.626177 0.686551 0.645000 0.681423 0.662629 0.687094
0 0.475499 0.105833 0.468695 0.128331 0.454375 0.139534 0.439412 0.128415 0.433121 0.105833 0.439623 0.083050 0.454375 0.071118 0.468318 0.080765
0 0.422840 0.608333 0.416618 0.628164 0.399375 0.632795 0.384066 0.627414 0.376482 0.608333 0.381778 0.589381 0.399375 0.580739 0.415504 0.587841
0 0.667296 0.317500 0.662335 0.342833 0.646875 0.356053 0.632880 0.341842 0.623209 0.317500 0.632696 0.294170 0.646875 0.282831 0.662869 0.294260
0 0.518068 0.106667 0.514652 0.133571 0.496250 0.148270 0.480441 0.135323 0.470846 0.106667 0.478023 0.079836 0.496250 0.062887 0.513455 0.076733
0 0.656549 0.126667 0.650495 0.154708 0.634375 0.170371 0.616723 0.152609 0.613098 0.126667 0.619242 0.100451 0.634375 0.090207 0.650322 0.098570
0 0.613817 0.105000 0.605938 0.129469 0.588750 0.138598 0.572453 0.127443 0.562951 0.105000 0.571130 0.084146 0.588750 0.073687 0.606627 0.082011
0 0.485934 0.625833 0.481274 0.646401 0.467500 0.655208 0.454038 0.645111 0.448185 0.625833 0.454504 0.606662 0.467500 0.596172 0.481073 0.604869
0 0.743144 0.175000 0.733459 0.196026 0.718125 0.205373 0.702730 0.198223 0.695213 0.175000 0.701201 0.151402 0.718125 0.140219 0.733599 0.151517
0 0.448723 0.154167 0.442341 0.180616 0.426875 0.186489 0.410531 0.177971 0.404867 0.154167 0.409938 0.127089 0.426875 0.119152 0.440997 0.128517
0 0.334229 0.552500 0.330122 0.575120 0.316250 0.588527 0.303844 0.574789 0.296020 0.552500 0.303159 0.529940 0.316250 0.520345 0.328830 0.529929
0 0.379356 0.417500 0.373189 0.434679 0.356250 0.441551 0.340211 0.436302 0.334784 0.417500 0.340760 0.399352 0.356250 0.393077 0.371648 0.399655
0 0.375264 0.510000 0.370699 0.528724 0.356250 0.540400 0.342818 0.530305 0.337830 0.510000 0.341974 0.489804 0.356250 0.479674 0.371464 0.488443
0 0.417090 0.265000 0.411127 0.286056 0.396875 0.296062 0.382657 0.285750 0.375680 0.265000 0.382912 0.244083 0.396875 0.232175 0.411357 0.244457
0 0.466864 0.679167 0.458822 0.700030 0.446250 0.708696 0.431822 0.698367 0.426209 0.679167 0.433589 0.658750 0.446250 0.652230 0.459034 0.661562
0 0.640233 0.604167 0.636245 0.625047 0.619375 0.634205 0.605219 0.627456 0.596987 0.604167 0.603303 0.583903 0.619375 0.571450 0.633339 0.580800
0 0.323741 0.385833 0.317521 0.410882 0.303750 0.422821 0.288743 0.408815 0.282787 0.385833 0.290085 0.358388 0.303750 0.349088 0.316492 0.360222
0 0.442588 0.649167 0.436937 0.676915 0.423125 0.688460 0.409471 0.674549 0.403294 0.649167 0.409621 0.624982 0.423125 0.613620 0.437227 0.624054
0 0.403536 0.320833 0.397886 0.349532 0.385625 0.357648 0.373257 0.344995 0.368507 0.320833 0.374013 0.295708 0.385625 0.282623 0.399097 0.295817
0 0.481845 0.276667 0.476660 0.298710 0.460625 0.305293 0.442741 0.298052 0.436874 0.276667 0.445755 0.254614 0.460625 0.241880 0.476649 0.253181
0 0.431319 0.201667 0.424543 0.223420 0.406875 0.233303 0.389644 0.224543 0.382407 0.201667 0.389702 0.179234 0.406875 0.173049 0.423389 0.177165
0 0.547452 0.677500 0.540235 0.699655 0.527500 0.709690 0.515500 0.699036 0.510002 0.677500 0.514464 0.655449 0.527500 0.644799 0.540213 0.657437
0 0.628862 0.722500 0.622058 0.743876 0.605000 0.752357 0.587967 0.741229 0.582492 0.722500 0.587092 0.703618 0.605000 0.696216 0.623606 0.702501
0 0.439654 0.570000 0.436694 0.590174 0.422500 0.599026 0.410011 0.590729 0.404833 0.570000 0.410483 0.551330 0.422500 0.544418 0.434948 0.550308
0 0.469486 0.585000 0.465031 0.607840 0.452500 0.614002 0.439735 0.606063 0.436047 0.585000 0.439155 0.564553 0.452500 0.551718 0.465698 0.563402
0 0.577209 0.306667 0.571944 0.326829 0.558750 0.338358 0.545865 0.329102 0.537757 0.306667 0.543709 0.282391 0.558750 0.275188 0.572717 0.283599
0 0.403260 0.559167 0.397652 0.582978 0.384375 0.593077 0.369482 0.580875 0.363052 0.559167 0.368763 0.535910 0.384375 0.527055 0.398299 0.536963
0 0.559565 0.084167 0.551881 0.109391 0.535000 0.115667 0.517857 0.106267 0.508233 0.084167 0.517576 0.059661 0.535000 0.049368 0.552522 0.062077
0 0.552873 0.221667 0.543507 0.244200 0.528750 0.251340 0.512402 0.244851 0.505680 0.221667 0.513596 0.199946 0.528750 0.193457 0.544990 0.202557
0 0.409441 0.667500 0.404302 0.690726 0.387500 0.699399 0.372059 0.690780 0.365200 0.667500 0.370544 0.644151 0.387500 0.637459 0.405883 0.646166
0 0.691526 0.479167 0.684280 0.501079 0.669375 0.510587 0.652630 0.499589 0.645393 0.479167 0.654035 0.456687 0.669375 0.445412 0.685448 0.458696
0 0.529513 0.623333 0.521560 0.645326 0.506875 0.650714 0.491210 0.642834 0.483955 0.623333 0.492843 0.603132 0.506875 0.596258 0.522671 0.602592
0 0.344208 0.339167 0.337602 0.361387 0.321875 0.372858 0.306224 0.361458 0.298781 0.339167 0.307285 0.317875 0.321875 0.310346 0.336340 0.316211
0 0.705377 0.196667 0.699562 0.221683 0.685000 0.232704 0.669719 0.221616 0.665376 0.196667 0.670518 0.172936 0.685000 0.158920 0.700417 0.169102
0 0.725943 0.545000 0.722183 0.571687 0.706875 0.581074 0.691556 0.568150 0.687332 0.545000 0.692268 0.520850 0.706875 0.512555 0.722601 0.520184
0 0.430700 0.427500 0.427054 0.444054 0.410625 0.453291 0.395580 0.445463 0.388093 0.427500 0.395433 0.409375 0.410625 0.399221 0.424829 0.410423
0 0.698090 0.283333 0.689335 0.302878 0.675000 0.314385 0.658989 0.303616 0.655165 0.283333 0.661153 0.261290 0.675000 0.253278 0.690985 0.262287
0 0.451787 0.250000 0.447439 0.273592 0.430625 0.279568 0.414343 0.273719 0.408148 0.250000 0.413802 0.227597 0.430625 0.220387 0.447347 0.225767
0 0.703612 0.128333 0.697251 0.154117 0.681250 0.164382 0.665569 0.153674 0.657414 0.128333 0.663674 0.105819 0.681250 0.097631 0.697383 0.106400
0 0.684682 0.364167 0.680451 0.382579 0.665625 0.393545 0.651200 0.381759 0.646326 0.364167 0.651749 0.343289 0.665625 0.336936 0.679900 0.343693
0 0.417005 0.380833 0.413178 0.402967 0.400625 0.412971 0.388338 0.403979 0.382804 0.380833 0.388909 0.358322 0.400625 0.347264 0.414652 0.358847
0 0.603625 0.230000 0.598685 0.253366 0.585000 0.261948 0.570906 0.251554 0.565877 0.230000 0.569992 0.206320 0.585000 0.196701 0.599235 0.206601
0 0.307902 0.502500 0.302280 0.525180 0.288125 0.529522 0.273042 0.524684 0.267747 0.502500 0.271184 0.480932 0.288125 0.475110 0.303747 0.481687
0 0.781907 0.464167 0.772805 0.488154 0.758750 0.502688 0.742944 0.491415 0.738036 0.464167 0.744811 0.438875 0.758750 0.429219 0.774268 0.438678
0 0.628705 0.180833 0.623545 0.201946 0.610000 0.215888 0.597098 0.205647 0.591284 0.180833 0.594626 0.158741 0.610000 0.148604 0.625096 0.159721
0 0.436635 0.319167 0.433070 0.348600 0.419375 0.355587 0.405986 0.346822 0.400021 0.319167 0.407019 0.293956 0.419375 0.282489 0.432054 0.292310
0 0.364518 0.566667 0.361948 0.588848 0.348125 0.598848 0.334808 0.591146 0.330384 0.566667 0.334160 0.541640 0.348125 0.531747 0.359722 0.542347
0 0.394436 0.134167 0.389760 0.159015 0.373750 0.167664 0.359548 0.157877 0.353663 0.134167 0.360203 0.111300 0.373750 0.098201 0.390115 0.109748
0 0.608171 0.290000 0.599583 0.310799 0.584375 0.323080 0.567367 0.311324 0.563811 0.290000 0.570230 0.269385 0.584375 0.260761 0.598744 0.266487
0 0.644878 0.300833 0.638463 0.324967 0.623125 0.338594 0.606863 0.328036 0.599290 0.300833 0.606477 0.274385 0.623125 0.266965 0.637748 0.272286
0 0.563273 0.155000 0.554237 0.180233 0.540625 0.192130 0.527250 0.177406 0.520981 0.155000 0.525641 0.128488 0.540625 0.122667 0.556025 0.130163
0 0.328188 0.451667 0.320382 0.471987 0.303125 0.483787 0.286148 0.475017 0.281946 0.451667 0.285712 0.431312 0.303125 0.422709 0.320636 0.427482
0 0.524104 0.175833 0.518365 0.199665 0.506250 0.208246 0.493770 0.200006 0.486418 0.175833 0.492906 0.149386 0.506250 0.144309 0.518926 0.150738
0 0.444690 0.525000 0.435939 0.543018 0.420625 0.548119 0.402874 0.542291 0.398993 0.525000 0.404817 0.508895 0.420625 0.501578 0.438353 0.509195
0 0.385689 0.371667 0.379000 0.388210 0.362500 0.397062 0.344924 0.388858 0.338916 0.371667 0.343370 0.354505 0.362500 0.347074 0.379275 0.353613
0 0.507017 0.700000 0.499157 0.724199 0.486250 0.733644 0.473513 0.724541 0.465154 0.700000 0.471224 0.672849 0.486250 0.664019 0.500461 0.674419
0 0.361605 0.240000 0.352865 0.265117 0.338125 0.270145 0.322008 0.262410 0.313231 0.240000 0.321214 0.217740 0.338125 0.207765 0.353197 0.214573
0 0.436874 0.478333 0.433061 0.498678 0.417500 0.506247 0.402361 0.497923 0.395291 0.478333 0.402601 0.459169 0.417500 0.454247 0.432195 0.460146
0 0.464482 0.331667 0.459319 0.357536 0.445625 0.367600 0.432251 0.354559 0.427590 0.331667 0.433723 0.309949 0.445625 0.297153 0.457206 0.308831
0 0.662437 0.548333 0.655657 0.571124 0.640000 0.579089 0.625455 0.570801 0.617000 0.548333 0.624289 0.529137 0.640000 0.520436 0.656417 0.525159
0 0.695327 0.542500 0.692003 0.571141 0.675625 0.582247 0.659824 0.571561 0.653141 0.542500 0.659549 0.515768 0.675625 0.506843 0.691992 0.515346
0 0.589245 0.388333 0.582954 0.407756 0.570000 0.417787 0.554858 0.409050 0.550231 0.388333 0.556374 0.367972 0.570000 0.362082 0.583850 0.367323
0 0.709293 0.408333 0.700536 0.429841 0.684375 0.440336 0.669605 0.430956 0.660405 0.408333 0.668825 0.386017 0.684375 0.376262 0.700832 0.387943
0 0.752397 0.208333 0.747856 0.235701 0.728750 0.246698 0.712836 0.235484 0.706150 0.208333 0.711518 0.184160 0.728750 0.169276 0.746477 0.183092
0 0.374115 0.324167 0.368151 0.343872 0.355000 0.348919 0.341097 0.342357 0.336120 0.324167 0.342317 0.305381 0.355000 0.298897 0.368584 0.303968
0 0.658311 0.650000 0.652254 0.670338 0.638750 0.679991 0.625295 0.669305 0.619844 0.650000 0.623515 0.628175 0.638750 0.622452 0.653512 0.631096
0 0.509638 0.580833 0.503878 0.601717 0.490000 0.608652 0.475929 0.602178 0.466696 0.580833 0.474885 0.563037 0.490000 0.553877 0.504430 0.559749
0 0.580297 0.750833 0.572393 0.774930 0.557500 0.787412 0.540233 0.777644 0.536092 0.750833 0.543094 0.725604 0.557500 0.716682 0.573569 0.723027
0 0.809364 0.420833 0.799913 0.443397 0.784375 0.447582 0.768908 0.442399 0.761191 0.420833 0.769453 0.398175 0.784375 0.391753 0.800762 0.401828
0 0.742138 0.270000 0.733713 0.290958 0.715625 0.300588 0.698851 0.290069 0.688900 0.270000 0.697898 0.249717 0.715625 0.237311 0.732897 0.248874
0 0.758775 0.295833 0.750846 0.320398 0.735625 0.326095 0.721012 0.318730 0.713118 0.295833 0.719984 0.271985 0.735625 0.264961 0.752430 0.270692
0 0.374379 0.172500 0.369936 0.198427 0.351875 0.203265 0.334419 0.195514 0.326145 0.172500 0.334972 0.150391 0.351875 0.137841 0.368188 0.149811
0 0.769160 0.557500 0.764750 0.580547 0.746875 0.591306 0.732038 0.581442 0.725692 0.557500 0.730408 0.533873 0.746875 0.528139 0.763371 0.536624
0 0.542779 0.728333 0.534645 0.748186 0.519375 0.759166 0.504503 0.749861 0.498379 0.728333 0.504854 0.705887 0.519375 0.698315 0.535499 0.707572
0 0.457104 0.380000 0.450206 0.401488 0.435625 0.412444 0.421307 0.403102 0.414310 0.380000 0.421845 0.357348 0.435625 0.349992 0.450957 0.359369
0 0.400806 0.462500 0.394917 0.485006 0.380625 0.490850 0.367137 0.486114 0.358043 0.462500 0.366280 0.441306 0.380625 0.428682 0.394253 0.439230
0 0.603173 0.490833 0.597246 0.509034 0.583750 0.516010 0.569725 0.509811 0.566647 0.490833 0.569532 0.473180 0.583750 0.463569 0.596568 0.470961
0 0.714369 0.679167 0.708869 0.701759 0.695000 0.708697 0.680844 0.700809 0.676798 0.679167 0.680282 0.658303 0.695000 0.648192 0.707953 0.655342
0 0.683506 0.244167 0.677350 0.265723 0.659375 0.273986 0.644279 0.263236 0.635961 0.244167 0.642144 0.224093 0.659375 0.213579 0.675216 0.223639
0 0.753397 0.503333 0.744974 0.520407 0.729375 0.528394 0.711474 0.519863 0.707305 0.503333 0.713808 0.485458 0.729375 0.476642 0.744547 0.483993
0 0.561903 0.530000 0.553490 0.547587 0.537500 0.559216 0.520811 0.547661 0.514859 0.530000 0.522827 0.510080 0.537500 0.502127 0.551862 0.510895
0 0.639978 0.235000 0.633726 0.258419 0.620625 0.267651 0.608159 0.256742 0.599670 0.235000 0.607925 0.212967 0.620625 0.200989 0.634289 0.211478
0 0.487470 0.166667 0.481973 0.191482 0.467500 0.200984 0.452293 0.191021 0.449173 0.166667 0.453913 0.144053 0.467500 0.131873 0.481279 0.144691
0 0.774901 0.352500 0.766691 0.373520 0.746875 0.381406 0.728400 0.373089 0.720075 0.352500 0.729752 0.330252 0.746875 0.324604 0.764475 0.330529
0 0.568296 0.477500 0.559472 0.496959 0.545000 0.506594 0.529128 0.500040 0.525383 0.477500 0.528565 0.455281 0.545000 0.445590 0.558968 0.456900
0 0.791695 0.293333 0.785457 0.320973 0.772500 0.333607 0.758471 0.322333 0.750691 0.293333 0.759575 0.268134 0.772500 0.253397 0.787709 0.265083
0 0.573229 0.645833 0.566333 0.671805 0.551250 0.678595 0.534777 0.672797 0.530997 0.645833 0.536777 0.620512 0.551250 0.606567 0.567585 0.621984
0 0.729658 0.606667 0.719104 0.629507 0.701250 0.640798 0.681060 0.627231 0.674195 0.606667 0.681430 0.585666 0.701250 0.575508 0.718707 0.582605
0 0.327651 0.260833 0.319884 0.279036 0.304375 0.285071 0.287040 0.278610 0.282112 0.260833 0.289500 0.242940 0.304375 0.235865 0.319817 0.245409
0 0.724212 0.354167 0.717031 0.377522 0.701250 0.385361 0.684633 0.376784 0.678381 0.354167 0.684756 0.333279 0.701250 0.322574 0.718202 0.333254
0 0.511635 0.243333 0.506367 0.265860 0.491250 0.274493 0.477699 0.266693 0.469370 0.243333 0.477057 0.222407 0.491250 0.208558 0.507640 0.223148
0 0.595778 0.439167 0.588403 0.456695 0.572500 0.465346 0.557825 0.455961 0.551890 0.439167 0.557606 0.420537 0.572500 0.412891 0.587602 0.421782
0 0.358404 0.456667 0.353938 0.477195 0.341875 0.490949 0.327885 0.480490 0.322254 0.456667 0.327880 0.434971 0.341875 0.427682 0.355065 0.434076
0 0.663830 0.404167 0.658612 0.426388 0.646250 0.434131 0.631846 0.425027 0.626003 0.404167 0.633822 0.382310 0.646250 0.373237 0.659044 0.382552
0 0.678608 0.601667 0.673812 0.628709 0.659375 0.639815 0.644041 0.625686 0.639522 0.601667 0.644133 0.577231 0.659375 0.566268 0.674503 0.578565
0 0.378656 0.283333 0.368732 0.305366 0.350625 0.310765 0.333207 0.303262 0.323231 0.283333 0.330115 0.265267 0.350625 0.253181 0.368004 0.263894
0 0.590241 0.592500 0.586381 0.613541 0.569375 0.622104 0.554013 0.615607 0.546107 0.592500 0.553031 0.572387 0.569375 0.560902 0.586353 0.572411
0 0.534433 0.287500 0.526324 0.309346 0.508750 0.318609 0.492105 0.312711 0.485768 0.287500 0.493306 0.264340 0.508750 0.256236 0.524409 0.264279
0 0.769455 0.406667 0.761146 0.427232 0.742500 0.432452 0.725667 0.426920 0.715235 0.406667 0.723266 0.389590 0.742500 0.381808 0.758436 0.388324
0 0.795320 0.527500 0.787064 0.546645 0.770000 0.558802 0.752840 0.546780 0.745105 0.527500 0.753645 0.508711 0.770000 0.497565 0.785537 0.505454
0 0.635373 0.508333 0.625898 0.527523 0.611250 0.534803 0.595775 0.530234 0.590290 0.508333 0.594203 0.489392 0.611250 0.480091 0.627436 0.486575
0 0.621369 0.559167 0.614969 0.580009 0.600000 0.586117 0.586932 0.578996 0.580586 0.559167 0.584939 0.539661 0.600000 0.527566 0.614418 0.537421
0 0.533883 0.448333 0.526524 0.469850 0.512500 0.478013 0.498050 0.467449 0.492078 0.448333 0.498450 0.428345 0.512500 0.420134 0.525899 0.428329
0 0.351182 0.619167 0.345636 0.639290 0.329375 0.646967 0.315290 0.642090 0.305808 0.619167 0.314230 0.595560 0.329375 0.585380 0.343332 0.596857
0 0.629675 0.453333 0.626203 0.473874 0.610000 0.480893 0.593640 0.473515 0.587778 0.453333 0.593807 0.431956 0.610000 0.426794 0.626028 0.433522
0 0.669491 0.186667 0.662625 0.209067 0.647500 0.220237 0.632039 0.209460 0.627195 0.186667 0.633843 0.163157 0.647500 0.153465 0.662469 0.165432
0 0.325337 0.304167 0.316036 0.321401 0.298750 0.331004 0.281809 0.322723 0.273445 0.304167 0.281369 0.286136 0.298750 0.277971 0.316760 0.285282
0 0.475975 0.425000 0.468395 0.447809 0.453750 0.453567 0.438438 0.445827 0.431210 0.425000 0.436522 0.404861 0.453750 0.393463 0.468510 0.404708
0 0.721961 0.445000 0.714946 0.471781 0.699375 0.479189 0.684930 0.472386 0.676455 0.445000 0.685150 0.418620 0.699375 0.410954 0.715156 0.420892
0 0.478675 0.215833 0.473236 0.238419 0.457500 0.245173 0.440648 0.235755 0.434072 0.215833 0.442919 0.195419 0.457500 0.183927 0.473113 0.195299
0 0.631517 0.383333 0.623195 0.403538 0.608750 0.416234 0.593390 0.404816 0.585584 0.383333 0.594511 0.362651 0.608750 0.354975 0.623391 0.363869
0 0.743421 0.448333 0.738798 0.474851 0.725625 0.483215 0.712201 0.472875 0.708966 0.448333 0.712849 0.423980 0.725625 0.410943 0.738041 0.423555
0 0.698800 0.660000 0.689224 0.683603 0.674375 0.698576 0.658695 0.684565 0.651786 0.660000 0.656926 0.634403 0.674375 0.623138 0.690480 0.634786
0 0.657862 0.483333 0.653387 0.508516 0.640625 0.516366 0.628181 0.509303 0.622462 0.483333 0.628826 0.456287 0.640625 0.451301 0.651736 0.459644
0 0.300057 0.545833 0.291971 0.568345 0.278750 0.576134 0.263813 0.568505 0.257020 0.545833 0.264361 0.525843 0.278750 0.519518 0.293755 0.524962
0 0.577211 0.355833 0.570842 0.376915 0.553125 0.387037 0.537350 0.376067 0.526693 0.355833 0.536654 0.332967 0.553125 0.322973 0.569821 0.335915
0 0.318186 0.602500 0.312543 0.626998 0.296250 0.639645 0.280182 0.628896 0.273620 0.602500 0.280759 0.577357 0.296250 0.565712 0.312355 0.576964
0 0.772875 0.619167 0.768257 0.642159 0.750625 0.648187 0.733401 0.640818 0.729395 0.619167 0.733098 0.598337 0.750625 0.589234 0.767892 0.599366
0 0.811862 0.364167 0.802854 0.386021 0.788750 0.396838 0.774605 0.386769 0.766766 0.364167 0.772900 0.340954 0.788750 0.332252 0.803092 0.342354
0 0.783062 0.220833 0.779040 0.243727 0.764375 0.251344 0.750622 0.242822 0.744829 0.220833 0.749881 0.199690 0.764375 0.187314 0.778761 0.195638
0 0.284380 0.393333 0.278163 0.412572 0.264375 0.422462 0.250404 0.412701 0.243495 0.393333 0.251771 0.373527 0.264375 0.366460 0.276985 0.373848
0 0.741347 0.447500 0.734673 0.471612 0.717500 0.481361 0.697182 0.474658 0.692090 0.447500 0.697170 0.420260 0.717500 0.408730 0.735611 0.424366
0 0.490517 0.393333 0.486041 0.413356 0.473125 0.422981 0.460960 0.414002 0.454619 0.393333 0.460126 0.372855 0.473125 0.363048 0.484310 0.371221
0 0.517364 0.515000 0.501935 0.547691 0.478125 0.559071 0.453414 0.546957 0.442871 0.515000 0.454245 0.487288 0.478125 0.473228 0.503871 0.484888
0 0.549822 0.576667 0.545788 0.591188 0.534375 0.598167 0.522824 0.589422 0.517712 0.576667 0.522335 0.561644 0.534375 0.556504 0.546524 0.561470
1 0.526344 0.512500 0.510212 0.544966 0.481875 0.550768 0.455000 0.539597 0.442214 0.512500 0.454882 0.480835 0.481875 0.467847 0.509171 0.479895
0 0.514030 0.770000 0.509684 0.795336 0.495000 0.800316 0.481271 0.792354 0.474993 0.770000 0.481698 0.747793 0.495000 0.734105 0.509151 0.745619
0 0.281223 0.462500 0.276355 0.484608 0.264375 0.495859 0.251580 0.484264 0.247484 0.462500 0.251117 0.440284 0.264375 0.428272 0.277460 0.436807
0 0.539949 0.300000 0.535294 0.322801 0.524375 0.334039 0.513414 0.322436 0.508622 0.300000 0.512298 0.276463 0.524375 0.268385 0.534735 0.279599
0 0.692650 0.480833 0.682741 0.507617 0.662500 0.514390 0.641357 0.505756 0.636635 0.480833 0.643603 0.456531 0.662500 0.443552 0.683764 0.456345
0 0.539951 0.295000 0.532918 0.318156 0.520000 0.327611 0.505224 0.317850 0.498275 0.295000 0.505074 0.274597 0.520000 0.262505 0.534493 0.274400
0 0.504669 0.395000 0.496738 0.416595 0.480625 0.424560 0.462746 0.417409 0.457859 0.395000 0.464874 0.374999 0.480625 0.365819 0.496214 0.375792
0 0.487331 0.461667 0.483027 0.479614 0.466875 0.487735 0.451756 0.480095 0.446306 0.461667 0.452156 0.443476 0.466875 0.434608 0.483707 0.445457
0 0.514226 0.395833 0.508997 0.415784 0.495000 0.424417 0.482761 0.416129 0.477546 0.395833 0.482866 0.376264 0.495000 0.368492 0.508403 0.376837
0 0.657711 0.472500 0.652978 0.497406 0.641875 0.505537 0.631918 0.496900 0.627729 0.472500 0.630314 0.451199 0.641875 0.439467 0.653832 0.450118
0 0.526354 0.369167 0.521119 0.382684 0.510000 0.391630 0.499311 0.384652 0.493640 0.369167 0.499697 0.353444 0.510000 0.346509 0.520203 0.353158
1 0.524460 0.380040 0.516785 0.415894 0.489475 0.432303 0.462358 0.421273 0.455536 0.380040 0.463560 0.338636 0.489475 0.322316 0.515283 0.344555
