0 0.708584 0.148333 0.698432 0.170630 0.681250 0.178615 0.662965 0.171939 0.657769 0.148333 0.664597 0.125642 0.681250 0.115083 0.700084 0.124570
0 0.454835 0.299167 0.449671 0.328160 0.434375 0.338553 0.418627 0.328287 0.412920 0.299167 0.419243 0.270565 0.434375 0.262468 0.448413 0.274219
0 0.356547 0.235833 0.351260 0.255116 0.335625 0.264888 0.320397 0.256783 0.313221 0.235833 0.318791 0.215420 0.335625 0.203870 0.350091 0.213686
0 0.778809 0.580000 0.773689 0.604662 0.756250 0.615696 0.740667 0.607059 0.733583 0.580000 0.738586 0.553113 0.756250 0.546151 0.773222 0.557189
0 0.448696 0.149167 0.440686 0.173041 0.425625 0.179103 0.410448 0.173234 0.405431 0.149167 0.409711 0.128139 0.425625 0.118988 0.442402 0.126085
0 0.708972 0.375000 0.701602 0.392485 0.685000 0.402576 0.667810 0.393269 0.659915 0.375000 0.667840 0.357927 0.685000 0.349283 0.701931 0.355061
0 0.749301 0.558333 0.743890 0.584898 0.726875 0.594382 0.710784 0.586388 0.703695 0.558333 0.710228 0.529531 0.726875 0.520512 0.744701 0.530377
0 0.414641 0.298333 0.409747 0.319989 0.395000 0.330632 0.380755 0.318818 0.374734 0.298333 0.380918 0.275560 0.395000 0.264911 0.409664 0.274370
0 0.342981 0.280000 0.337111 0.300763 0.320625 0.308303 0.304919 0.300462 0.300424 0.280000 0.306453 0.260405 0.320625 0.252349 0.335818 0.258676
0 0.659197 0.144167 0.650063 0.167516 0.635000 0.176256 0.617740 0.167106 0.611750 0.144167 0.619787 0.120754 0.635000 0.116046 0.652169 0.122120
0 0.486295 0.280833 0.479418 0.300403 0.464375 0.306087 0.448892 0.301226 0.442709 0.280833 0.449275 0.262312 0.464375 0.254665 0.479958 0.259920
0 0.459304 0.714167 0.453005 0.737937 0.438750 0.749006 0.424560 0.739423 0.418777 0.714167 0.424240 0.689047 0.438750 0.680838 0.450932 0.691461
0 0.398641 0.148333 0.392174 0.169473 0.378125 0.179211 0.363340 0.170907 0.355282 0.148333 0.362552 0.127826 0.378125 0.118534 0.394123 0.125979
0 0.513150 0.633333 0.508669 0.656492 0.496250 0.666628 0.483049 0.655621 0.478873 0.633333 0.482649 0.610829 0.496250 0.601767 0.508020 0.607414
0 0.483849 0.622500 0.476169 0.642107 0.460000 0.646355 0.442810 0.639688 0.434476 0.622500 0.444108 0.604581 0.460000 0.595802 0.476711 0.602430
0 0.807282 0.399167 0.798934 0.420785 0.783125 0.432418 0.764565 0.419385 0.759542 0.399167 0.765925 0.377755 0.783125 0.365746 0.799665 0.376662
0 0.389337 0.594167 0.381827 0.616585 0.366250 0.626448 0.350821 0.614102 0.342360 0.594167 0.349903 0.570948 0.366250 0.561794 0.382013 0.571898
0 0.547052 0.180000 0.539718 0.204846 0.523750 0.212788 0.508119 0.203181 0.502401 0.180000 0.508871 0.155629 0.523750 0.146488 0.540808 0.156947
0 0.443129 0.590833 0.437519 0.612451 0.424375 0.620328 0.411922 0.612756 0.404923 0.590833 0.409942 0.569707 0.424375 0.559747 0.439350 0.568448
0 0.789954 0.507500 0.784851 0.526459 0.765625 0.536452 0.747881 0.527253 0.741430 0.507500 0.745259 0.487300 0.765625 0.476760 0.784562 0.485684
0 0.800077 0.345833 0.790589 0.365790 0.771875 0.374629 0.752032 0.364421 0.742337 0.345833 0.751219 0.327626 0.771875 0.319863 0.792459 0.326470
0 0.360406 0.500833 0.354695 0.521336 0.336250 0.526608 0.320195 0.520012 0.312064 0.500833 0.320605 0.481579 0.336250 0.471753 0.352227 0.480313
0 0.325522 0.555000 0.318679 0.579924 0.303750 0.585878 0.289307 0.579919 0.281534 0.555000 0.288215 0.531378 0.303750 0.519681 0.317372 0.529882
0 0.771991 0.454167 0.766719 0.473285 0.749375 0.483670 0.732181 0.473408 0.725816 0.454167 0.732604 0.433349 0.749375 0.429346 0.764855 0.432897
0 0.368239 0.545833 0.364046 0.566940 0.347500 0.576449 0.331150 0.565316 0.324078 0.545833 0.331702 0.525596 0.347500 0.515170 0.364599 0.525400
0 0.385541 0.651667 0.381394 0.669940 0.366875 0.680289 0.354382 0.670593 0.348710 0.651667 0.352175 0.633422 0.366875 0.622561 0.380100 0.633058
0 0.536718 0.739167 0.530819 0.759564 0.515000 0.771883 0.499044 0.762727 0.494180 0.739167 0.499222 0.715568 0.515000 0.709348 0.531410 0.716422
0 0.550546 0.108333 0.544894 0.137728 0.527500 0.151692 0.511163 0.137118 0.503850 0.108333 0.510988 0.078110 0.527500 0.071406 0.544006 0.081311
0 0.651379 0.477500 0.646461 0.498394 0.627500 0.503059 0.610033 0.498655 0.601239 0.477500 0.607679 0.458027 0.627500 0.451558 0.645290 0.459804
0 0.519112 0.150000 0.513799 0.174203 0.496875 0.184043 0.480609 0.170455 0.473887 0.150000 0.480922 0.125647 0.496875 0.119450 0.513292 0.127797
0 0.548783 0.503333 0.541335 0.524608 0.527500 0.536043 0.511973 0.526216 0.506555 0.503333 0.514661 0.482294 0.527500 0.474569 0.541847 0.480211
0 0.586806 0.148333 0.580297 0.170247 0.564375 0.179843 0.546561 0.169805 0.543396 0.148333 0.547742 0.123282 0.564375 0.115119 0.581884 0.123120
0 0.429243 0.560833 0.420337 0.579261 0.404375 0.583481 0.388020 0.577006 0.380552 0.560833 0.387070 0.543479 0.404375 0.538529 0.420631 0.544597
0 0.384251 0.398333 0.376889 0.421951 0.360625 0.432139 0.345016 0.419829 0.336502 0.398333 0.344345 0.376560 0.360625 0.364190 0.377266 0.374367
0 0.359446 0.341667 0.354667 0.366354 0.340625 0.380763 0.325980 0.369594 0.320550 0.341667 0.326940 0.318072 0.340625 0.306808 0.354222 0.317247
0 0.577119 0.528333 0.572111 0.547577 0.556250 0.560628 0.542256 0.548070 0.534497 0.528333 0.540389 0.507224 0.556250 0.495609 0.570840 0.507893
0 0.500941 0.570000 0.496785 0.594775 0.484375 0.604703 0.472743 0.596462 0.468159 0.570000 0.471767 0.547416 0.484375 0.537450 0.495344 0.543381
0 0.500644 0.720000 0.491393 0.743667 0.477500 0.756310 0.461531 0.743041 0.454453 0.720000 0.462540 0.697970 0.477500 0.684662 0.493837 0.697885
0 0.379402 0.197500 0.373717 0.217142 0.357500 0.224914 0.341582 0.216171 0.334214 0.197500 0.342197 0.176106 0.357500 0.168955 0.374458 0.176925
0 0.476307 0.437500 0.469254 0.460186 0.456250 0.468406 0.442718 0.458721 0.434555 0.437500 0.442683 0.416313 0.456250 0.408991 0.470249 0.416586
0 0.445177 0.410000 0.440825 0.431407 0.426875 0.438036 0.413420 0.428823 0.407574 0.410000 0.414819 0.389892 0.426875 0.383037 0.438826 0.389709
0 0.474965 0.670833 0.471216 0.688261 0.454375 0.696565 0.440344 0.689564 0.432919 0.670833 0.438844 0.651811 0.454375 0.647271 0.470054 0.654258
0 0.483405 0.170000 0.474689 0.197458 0.458750 0.209118 0.442883 0.197647 0.434087 0.170000 0.443663 0.140871 0.458750 0.126360 0.474445 0.140995
0 0.392605 0.522500 0.386342 0.539481 0.373125 0.549345 0.358766 0.539704 0.355617 0.522500 0.358877 0.503978 0.373125 0.494280 0.387657 0.504245
0 0.772075 0.266667 0.767457 0.287380 0.749375 0.295563 0.732866 0.286505 0.726664 0.266667 0.733453 0.246681 0.749375 0.237950 0.766273 0.245778
0 0.708926 0.545000 0.702197 0.566095 0.686250 0.572972 0.670559 0.568105 0.661660 0.545000 0.670092 0.522136 0.686250 0.515651 0.701919 0.523608
0 0.742205 0.642500 0.732578 0.666731 0.715625 0.674037 0.698943 0.665590 0.687616 0.642500 0.696975 0.619489 0.715625 0.606908 0.733333 0.621641
0 0.396811 0.471667 0.389301 0.490326 0.373750 0.500884 0.359376 0.492050 0.350833 0.471667 0.357604 0.454315 0.373750 0.446227 0.390013 0.452040
0 0.610539 0.495833 0.603982 0.514946 0.588125 0.526379 0.573362 0.515775 0.565993 0.495833 0.573992 0.475440 0.588125 0.469043 0.603895 0.477092
0 0.706556 0.487500 0.698291 0.508873 0.683750 0.514470 0.668845 0.509797 0.664498 0.487500 0.668116 0.467475 0.683750 0.456276 0.698114 0.466262
0 0.515436 0.517500 0.511603 0.537324 0.496250 0.545069 0.481999 0.539186 0.477598 0.517500 0.483411 0.496216 0.496250 0.488962 0.510844 0.496159
0 0.313602 0.435833 0.308560 0.460806 0.294375 0.465758 0.279650 0.460275 0.273658 0.435833 0.279960 0.411544 0.294375 0.402338 0.309757 0.411008
0 0.314492 0.500833 0.308069 0.518952 0.292500 0.528500 0.276888 0.518715 0.269097 0.500833 0.277436 0.482375 0.292500 0.473691 0.307079 0.480719
0 0.587255 0.425833 0.580393 0.448467 0.566250 0.454050 0.552294 0.446142 0.548197 0.425833 0.552172 0.405008 0.566250 0.397734 0.581740 0.406171
0 0.567041 0.320833 0.558118 0.345070 0.544375 0.351397 0.529298 0.342743 0.523910 0.320833 0.530903 0.296152 0.544375 0.287346 0.559389 0.299498
0 0.617308 0.124167 0.612385 0.152559 0.600000 0.165234 0.587556 0.158421 0.579598 0.124167 0.586596 0.093077 0.600000 0.079018 0.613898 0.091968
0 0.424922 0.641667 0.418214 0.665926 0.406250 0.677184 0.393102 0.666717 0.388963 0.641667 0.393058 0.616498 0.406250 0.608896 0.419784 0.618334
0 0.761611 0.220833 0.752270 0.239705 0.733750 0.252413 0.713868 0.242609 0.702705 0.220833 0.712608 0.200414 0.733750 0.192684 0.754377 0.199054
0 0.573837 0.377500 0.567367 0.396014 0.555625 0.404558 0.542279 0.394886 0.537909 0.377500 0.542381 0.357886 0.555625 0.351646 0.568375 0.360261
0 0.756997 0.396667 0.751463 0.422831 0.734375 0.433159 0.716136 0.422648 0.707656 0.396667 0.715855 0.374002 0.734375 0.364491 0.751816 0.371156
0 0.439531 0.345000 0.432339 0.369578 0.418750 0.373867 0.403450 0.365709 0.399779 0.345000 0.405282 0.323875 0.418750 0.313597 0.432769 0.323186
0 0.399438 0.255000 0.392748 0.278906 0.378125 0.286763 0.362233 0.279009 0.355804 0.255000 0.362870 0.234786 0.378125 0.221198 0.393875 0.231905
0 0.731025 0.251667 0.720255 0.272986 0.705000 0.281248 0.688734 0.270843 0.682086 0.251667 0.687632 0.232526 0.705000 0.221523 0.721080 0.229909
0 0.596844 0.077500 0.588973 0.102224 0.572500 0.118440 0.556528 0.101893 0.545449 0.077500 0.555567 0.049920 0.572500 0.038862 0.590152 0.050486
0 0.335777 0.393333 0.330886 0.417173 0.318125 0.422783 0.304380 0.415806 0.299456 0.393333 0.303246 0.370881 0.318125 0.361160 0.331907 0.370648
0 0.536713 0.345833 0.531208 0.370941 0.516250 0.381184 0.499133 0.369311 0.492451 0.345833 0.500014 0.322367 0.516250 0.316223 0.531818 0.321603
0 0.501686 0.095833 0.494595 0.124820 0.480625 0.133458 0.464869 0.123475 0.456813 0.095833 0.464575 0.071677 0.480625 0.058089 0.496477 0.071567
0 0.680846 0.560833 0.674173 0.587857 0.659375 0.599563 0.642236 0.584365 0.638060 0.560833 0.642924 0.537843 0.659375 0.527371 0.675625 0.532984
0 0.364319 0.444167 0.360564 0.466210 0.342500 0.475266 0.325319 0.463791 0.317224 0.444167 0.324640 0.424490 0.342500 0.415384 0.360406 0.421846
0 0.578819 0.471667 0.570313 0.490726 0.556250 0.496099 0.542497 0.491865 0.534617 0.471667 0.541781 0.453500 0.556250 0.444037 0.569807 0.453167
0 0.531043 0.681667 0.522931 0.702291 0.507500 0.710613 0.490763 0.701664 0.483182 0.681667 0.492190 0.659836 0.507500 0.651071 0.524643 0.662786
0 0.461208 0.096667 0.455708 0.120054 0.441250 0.133564 0.427482 0.125065 0.420235 0.096667 0.426324 0.072773 0.441250 0.057899 0.456000 0.068757
0 0.344215 0.604167 0.335477 0.628052 0.320000 0.636535 0.305249 0.628985 0.297819 0.604167 0.303676 0.579437 0.320000 0.572906 0.335547 0.583006
0 0.656557 0.418333 0.650435 0.436492 0.635625 0.445610 0.620339 0.440358 0.614223 0.418333 0.619757 0.399149 0.635625 0.387195 0.650500 0.396668
0 0.432534 0.471667 0.427462 0.491999 0.412500 0.496008 0.399413 0.492278 0.391412 0.471667 0.397930 0.454237 0.412500 0.442823 0.427534 0.451699
0 0.724053 0.335833 0.716414 0.353474 0.701875 0.358236 0.685064 0.353008 0.679577 0.335833 0.685063 0.318726 0.701875 0.312307 0.717207 0.318905
0 0.525074 0.287500 0.519059 0.308571 0.503750 0.318245 0.487926 0.307539 0.482412 0.287500 0.489958 0.265264 0.503750 0.256580 0.517882 0.265066
0 0.340038 0.466667 0.333158 0.483297 0.318750 0.490832 0.303588 0.483727 0.297411 0.466667 0.303775 0.449287 0.318750 0.440631 0.333867 0.448282
0 0.463224 0.498333 0.456732 0.520299 0.442500 0.526134 0.427976 0.519093 0.420162 0.498333 0.427945 0.478406 0.442500 0.470636 0.457323 0.478512
0 0.693439 0.308333 0.687006 0.328320 0.671875 0.336345 0.655854 0.330235 0.653200 0.308333 0.656147 0.285949 0.671875 0.276740 0.687065 0.285550
0 0.484491 0.226667 0.475328 0.247405 0.461250 0.260278 0.446060 0.248677 0.438240 0.226667 0.445578 0.202255 0.461250 0.195412 0.475597 0.204178
0 0.554449 0.230000 0.547966 0.251916 0.536250 0.261180 0.523087 0.252828 0.519773 0.230000 0.524177 0.207516 0.536250 0.195799 0.547485 0.209604
0 0.620882 0.433333 0.615378 0.455692 0.601875 0.461026 0.588228 0.453618 0.584168 0.433333 0.589007 0.413724 0.601875 0.402586 0.614570 0.410846
0 0.534789 0.569167 0.529796 0.595712 0.516875 0.606025 0.502911 0.598170 0.499494 0.569167 0.504933 0.541684 0.516875 0.529077 0.529800 0.542099
0 0.470801 0.575833 0.467190 0.595812 0.453750 0.605448 0.440904 0.596908 0.435546 0.575833 0.440224 0.558163 0.453750 0.547110 0.466850 0.555220
0 0.423107 0.214167 0.416815 0.240318 0.402500 0.249264 0.388218 0.241046 0.381135 0.214167 0.387381 0.187830 0.402500 0.176892 0.417654 0.188246
0 0.429111 0.516667 0.425383 0.532307 0.409375 0.539310 0.395719 0.534636 0.388848 0.516667 0.393876 0.500481 0.409375 0.493896 0.423609 0.500256
0 0.474810 0.538333 0.470481 0.557237 0.451250 0.564358 0.435329 0.558947 0.426634 0.538333 0.434248 0.518540 0.451250 0.510542 0.468365 0.518920
0 0.628554 0.537500 0.620007 0.561180 0.604375 0.566676 0.587035 0.561466 0.580621 0.537500 0.587800 0.516668 0.604375 0.509367 0.621643 0.515356
0 0.698202 0.646667 0.688715 0.666240 0.675000 0.674246 0.659330 0.669330 0.655439 0.646667 0.659111 0.623910 0.675000 0.614074 0.689580 0.627145
0 0.521150 0.227500 0.513409 0.251864 0.501250 0.257889 0.489263 0.248608 0.483215 0.227500 0.488714 0.203144 0.501250 0.194725 0.514423 0.205895
0 0.636554 0.710833 0.632615 0.736646 0.615000 0.745045 0.598680 0.736270 0.593328 0.710833 0.596635 0.684103 0.615000 0.671844 0.630555 0.683185
0 0.530297 0.460000 0.524009 0.479588 0.508750 0.485750 0.492559 0.480479 0.489254 0.460000 0.493279 0.442292 0.508750 0.432508 0.524611 0.440918
0 0.409869 0.355833 0.400773 0.378312 0.383750 0.386194 0.365933 0.379902 0.359620 0.355833 0.368475 0.333015 0.383750 0.325229 0.401584 0.333702
0 0.494745 0.400000 0.489290 0.421064 0.477500 0.430096 0.464070 0.420723 0.460192 0.400000 0.465322 0.377544 0.477500 0.369391 0.490698 0.379921
0 0.619601 0.376667 0.610132 0.398284 0.594375 0.409789 0.577854 0.401210 0.572289 0.376667 0.577634 0.352648 0.594375 0.347843 0.611972 0.355898
0 0.555573 0.630000 0.548624 0.651042 0.533125 0.662847 0.519448 0.650891 0.513184 0.630000 0.517193 0.607526 0.533125 0.598643 0.548285 0.607861
0 0.702839 0.702500 0.693426 0.726464 0.677500 0.735871 0.660315 0.724788 0.653561 0.702500 0.661497 0.682756 0.677500 0.668959 0.695108 0.680354
0 0.744561 0.493333 0.736407 0.511407 0.721875 0.523035 0.706967 0.514142 0.701633 0.493333 0.708032 0.471686 0.721875 0.464780 0.735737 0.475151
0 0.562980 0.581667 0.556250 0.604214 0.543125 0.616607 0.529130 0.605669 0.524023 0.581667 0.528708 0.560235 0.543125 0.545749 0.556655 0.560228
0 0.656199 0.357500 0.647745 0.374902 0.631250 0.381694 0.614385 0.375222 0.605895 0.357500 0.614426 0.340044 0.631250 0.331718 0.648207 0.340292
0 0.682066 0.609167 0.676083 0.634465 0.655625 0.644882 0.635241 0.634361 0.625235 0.609167 0.635630 0.585943 0.655625 0.576261 0.674787 0.586973
0 0.483644 0.353333 0.477986 0.374741 0.462500 0.384157 0.448083 0.372174 0.442666 0.353333 0.447449 0.333578 0.462500 0.323588 0.475619 0.333357
0 0.547457 0.417500 0.543153 0.438402 0.528750 0.443901 0.515551 0.439875 0.511305 0.417500 0.514889 0.397112 0.528750 0.388119 0.543280 0.397699
0 0.733753 0.443333 0.725739 0.464573 0.710625 0.474269 0.694743 0.465175 0.687849 0.443333 0.694579 0.421899 0.710625 0.413540 0.726690 0.424639
0 0.424348 0.710833 0.417516 0.733160 0.401250 0.746083 0.387206 0.731645 0.381071 0.710833 0.385183 0.686049 0.401250 0.677054 0.417774 0.688734
0 0.604135 0.328333 0.596212 0.347486 0.580625 0.355771 0.566650 0.348888 0.556816 0.328333 0.565051 0.306112 0.580625 0.297112 0.595676 0.307185
0 0.797301 0.546667 0.791288 0.565742 0.778750 0.574322 0.765901 0.566413 0.762428 0.546667 0.765455 0.526697 0.778750 0.518675 0.790240 0.524698
0 0.598791 0.273333 0.590413 0.291267 0.576875 0.297251 0.562739 0.291156 0.555678 0.273333 0.562485 0.256508 0.576875 0.250678 0.590261 0.256256
0 0.753003 0.168333 0.746959 0.185501 0.730000 0.195371 0.712805 0.186137 0.706241 0.168333 0.714769 0.150384 0.730000 0.144283 0.745503 0.151901
0 0.615314 0.230000 0.606949 0.252298 0.590625 0.258268 0.572946 0.252140 0.566775 0.230000 0.572887 0.210858 0.590625 0.201626 0.607039 0.206896
0 0.579300 0.213333 0.573256 0.236821 0.561875 0.243738 0.548849 0.235594 0.545168 0.213333 0.548901 0.190177 0.561875 0.178764 0.573636 0.189496
0 0.735856 0.291667 0.725835 0.307928 0.709375 0.315308 0.692922 0.308059 0.684567 0.291667 0.693673 0.277085 0.709375 0.269121 0.727210 0.277261
0 0.624872 0.295833 0.618684 0.316439 0.606250 0.325975 0.592202 0.319029 0.586791 0.295833 0.593827 0.273381 0.606250 0.267887 0.619704 0.272356
0 0.575544 0.680000 0.567186 0.705903 0.551250 0.715191 0.535966 0.702129 0.528210 0.680000 0.534412 0.657402 0.551250 0.644890 0.568056 0.654885
0 0.293675 0.543333 0.287584 0.562655 0.273125 0.572403 0.258704 0.562304 0.253627 0.543333 0.260741 0.523399 0.273125 0.518724 0.285572 0.523634
0 0.652389 0.315000 0.649911 0.329363 0.636875 0.333885 0.624560 0.329957 0.619998 0.315000 0.623893 0.300950 0.636875 0.295707 0.647781 0.302207
0 0.643095 0.089167 0.637553 0.111704 0.623125 0.119647 0.609134 0.108669 0.602067 0.089167 0.608937 0.068674 0.623125 0.062529 0.637658 0.068767
0 0.807560 0.461667 0.801115 0.485817 0.788125 0.491969 0.775119 0.485340 0.771415 0.461667 0.775040 0.439346 0.788125 0.432953 0.799739 0.438217
0 0.350757 0.648333 0.345145 0.667487 0.328750 0.673129 0.314363 0.666273 0.309122 0.648333 0.312720 0.628633 0.328750 0.621607 0.345239 0.629002
0 0.684576 0.103333 0.676760 0.124684 0.661250 0.134521 0.645196 0.125410 0.639256 0.103333 0.644961 0.084115 0.661250 0.076273 0.675721 0.080302
1 0.632772 0.630000 0.615433 0.665648 0.589375 0.673753 0.562884 0.663739 0.552030 0.630000 0.561888 0.596708 0.589375 0.581213 0.619464 0.597841
0 0.313453 0.253333 0.307518 0.271835 0.294375 0.277151 0.281479 0.269286 0.277140 0.253333 0.280291 0.236340 0.294375 0.230684 0.306837 0.235919
0 0.630091 0.631667 0.619241 0.666295 0.590000 0.683185 0.562377 0.669615 0.551183 0.631667 0.563590 0.598848 0.590000 0.578835 0.616320 0.594463
0 0.749163 0.304167 0.736381 0.328467 0.716875 0.337180 0.693248 0.326782 0.689117 0.304167 0.695805 0.282142 0.716875 0.268429 0.736558 0.282079
0 0.279755 0.456667 0.275603 0.478562 0.262500 0.483717 0.248622 0.478145 0.244917 0.456667 0.250544 0.435976 0.262500 0.428536 0.274864 0.433463
0 0.749815 0.310833 0.745353 0.329835 0.730625 0.337554 0.715962 0.330025 0.710555 0.310833 0.718111 0.289601 0.730625 0.282329 0.744617 0.290917
1 0.611899 0.766468 0.604015 0.793345 0.576186 0.805721 0.549038 0.790528 0.539629 0.766468 0.552337 0.739421 0.576186 0.732498 0.603830 0.740496
