0 0.378353 0.522500 0.370279 0.540957 0.353750 0.546339 0.336273 0.539938 0.331586 0.522500 0.339424 0.502917 0.353750 0.495840 0.370556 0.504401
0 0.668422 0.149167 0.662081 0.170043 0.645000 0.181057 0.628200 0.169786 0.619292 0.149167 0.628855 0.129291 0.645000 0.118201 0.661258 0.128429
0 0.612771 0.355833 0.607459 0.374353 0.595625 0.379310 0.582287 0.375331 0.576251 0.355833 0.583897 0.337968 0.595625 0.327704 0.608089 0.337170
0 0.516122 0.212500 0.508984 0.237612 0.491250 0.243242 0.474443 0.236690 0.465813 0.212500 0.474199 0.187432 0.491250 0.181555 0.508449 0.191173
0 0.327623 0.385000 0.320642 0.405265 0.306250 0.412049 0.290104 0.406883 0.285204 0.385000 0.289944 0.363307 0.306250 0.357036 0.319792 0.365055
0 0.612671 0.116667 0.606620 0.139833 0.589375 0.151463 0.570696 0.139620 0.565507 0.116667 0.573661 0.093081 0.589375 0.083146 0.606392 0.093171
0 0.374555 0.252500 0.367439 0.273675 0.352500 0.286305 0.335463 0.275375 0.330404 0.252500 0.335456 0.230073 0.352500 0.219328 0.369131 0.227718
0 0.511606 0.493333 0.504856 0.512741 0.491250 0.520379 0.478184 0.510906 0.472110 0.493333 0.478077 0.475340 0.491250 0.470667 0.504419 0.475521
0 0.513318 0.305000 0.507280 0.323081 0.493125 0.333040 0.478901 0.325656 0.473776 0.305000 0.478290 0.286888 0.493125 0.279216 0.506610 0.285577
0 0.518905 0.115000 0.512430 0.138501 0.498125 0.148130 0.482689 0.136866 0.478781 0.115000 0.483212 0.091503 0.498125 0.083265 0.513641 0.090762
0 0.364974 0.439167 0.360278 0.454672 0.345000 0.464860 0.330901 0.457425 0.326273 0.439167 0.331969 0.423667 0.345000 0.413580 0.358686 0.423552
0 0.623189 0.169167 0.619042 0.197187 0.605625 0.208471 0.592617 0.198177 0.585830 0.169167 0.591342 0.140615 0.605625 0.130187 0.619826 0.144839
0 0.369543 0.393333 0.363868 0.410333 0.348750 0.415477 0.333768 0.408920 0.325788 0.393333 0.333764 0.377909 0.348750 0.370863 0.365140 0.376342
0 0.526705 0.175000 0.522875 0.194716 0.508125 0.199233 0.492798 0.192102 0.488127 0.175000 0.492756 0.155133 0.508125 0.147973 0.521274 0.156480
0 0.557049 0.137500 0.553366 0.163621 0.535625 0.177295 0.518050 0.166158 0.514352 0.137500 0.520156 0.109822 0.535625 0.097551 0.552881 0.111227
0 0.494057 0.446667 0.485852 0.467215 0.471875 0.475449 0.458314 0.466706 0.451714 0.446667 0.458090 0.429670 0.471875 0.420436 0.487155 0.425949
0 0.562075 0.315833 0.556059 0.338333 0.541875 0.342400 0.529255 0.335295 0.521221 0.315833 0.527755 0.296231 0.541875 0.285136 0.556779 0.295037
0 0.465229 0.455833 0.459668 0.472399 0.448125 0.482962 0.434069 0.475312 0.429839 0.455833 0.434282 0.439167 0.448125 0.427993 0.460395 0.438626
0 0.471800 0.268333 0.466161 0.292483 0.450625 0.304190 0.437359 0.293344 0.431400 0.268333 0.435512 0.241424 0.450625 0.234632 0.465323 0.242398
0 0.578291 0.361667 0.571955 0.379667 0.556250 0.389121 0.540457 0.381421 0.531532 0.361667 0.540080 0.342348 0.556250 0.333797 0.570895 0.342270
0 0.319176 0.432500 0.315299 0.455573 0.300000 0.463394 0.284321 0.455184 0.280849 0.432500 0.285451 0.410157 0.300000 0.398048 0.316488 0.407615
0 0.548710 0.496667 0.543427 0.514565 0.528125 0.520849 0.513984 0.515686 0.509488 0.496667 0.513394 0.479255 0.528125 0.470987 0.543028 0.479250
0 0.436251 0.477500 0.431148 0.501187 0.419375 0.512544 0.407079 0.502595 0.403915 0.477500 0.408524 0.454983 0.419375 0.446951 0.430310 0.456127
0 0.579084 0.089167 0.571272 0.114722 0.556250 0.127863 0.539528 0.117991 0.531608 0.089167 0.539711 0.062439 0.556250 0.047736 0.571717 0.061452
0 0.588889 0.188333 0.582437 0.218861 0.569375 0.234132 0.555336 0.215026 0.548489 0.188333 0.554590 0.156351 0.569375 0.146250 0.583948 0.157501
0 0.700423 0.539167 0.691551 0.557299 0.675625 0.568775 0.658266 0.557444 0.651533 0.539167 0.659653 0.520343 0.675625 0.511056 0.693372 0.521532
0 0.447008 0.542500 0.439533 0.566419 0.423750 0.572390 0.407222 0.564597 0.401197 0.542500 0.409221 0.518900 0.423750 0.512067 0.438725 0.518825
0 0.737160 0.657500 0.729697 0.678162 0.712500 0.688154 0.697634 0.678055 0.688038 0.657500 0.695788 0.636199 0.712500 0.626068 0.728292 0.635374
0 0.404270 0.227500 0.397483 0.246426 0.381250 0.250991 0.367192 0.246068 0.359220 0.227500 0.366645 0.207765 0.381250 0.201489 0.396510 0.208849
0 0.357349 0.347500 0.351270 0.365529 0.336875 0.373696 0.322552 0.364931 0.313571 0.347500 0.321098 0.330124 0.336875 0.319827 0.353738 0.327591
0 0.657589 0.206667 0.649327 0.227001 0.630625 0.234644 0.611823 0.226677 0.603945 0.206667 0.611178 0.188375 0.630625 0.177862 0.648903 0.186375
0 0.362020 0.298333 0.352237 0.318824 0.337500 0.324860 0.322714 0.318980 0.316012 0.298333 0.321509 0.278235 0.337500 0.270373 0.353908 0.280246
0 0.406785 0.495833 0.402097 0.514976 0.386875 0.524161 0.371948 0.514031 0.364519 0.495833 0.371263 0.476028 0.386875 0.469899 0.400451 0.477264
0 0.443201 0.240000 0.437220 0.268501 0.424375 0.275177 0.412589 0.266598 0.404762 0.240000 0.412264 0.211054 0.424375 0.199284 0.438262 0.214953
0 0.573366 0.260000 0.569196 0.284445 0.556250 0.296652 0.543075 0.284445 0.536677 0.260000 0.543662 0.236419 0.556250 0.228530 0.569613 0.238743
0 0.562933 0.442500 0.555272 0.465055 0.540000 0.469907 0.526082 0.463274 0.518950 0.442500 0.525843 0.423368 0.540000 0.414331 0.555267 0.423332
0 0.507660 0.255000 0.502499 0.274957 0.485625 0.285894 0.470984 0.276413 0.462753 0.255000 0.470119 0.234794 0.485625 0.223888 0.499587 0.234558
0 0.371035 0.167500 0.364680 0.191228 0.353125 0.198293 0.340636 0.191082 0.336327 0.167500 0.340285 0.145112 0.353125 0.132769 0.365607 0.146019
0 0.638239 0.396667 0.633619 0.415216 0.616250 0.420539 0.599221 0.413537 0.595627 0.396667 0.600911 0.378716 0.616250 0.369555 0.631812 0.379597
0 0.509965 0.065833 0.502022 0.085094 0.487500 0.094580 0.472701 0.086792 0.467716 0.065833 0.472461 0.045054 0.487500 0.035619 0.503457 0.048176
0 0.409619 0.165000 0.401484 0.192265 0.387500 0.206576 0.373386 0.190531 0.364959 0.165000 0.372218 0.139965 0.387500 0.129259 0.402469 0.136625
0 0.645020 0.260000 0.639352 0.278779 0.625000 0.286134 0.609775 0.279020 0.604380 0.260000 0.610928 0.240800 0.625000 0.230794 0.638552 0.240058
0 0.585574 0.488333 0.578407 0.508293 0.564375 0.517015 0.550597 0.506074 0.545724 0.488333 0.549709 0.471025 0.564375 0.462842 0.578418 0.467924
0 0.390786 0.353333 0.383759 0.378930 0.372500 0.388388 0.360892 0.378427 0.355023 0.353333 0.360357 0.326333 0.372500 0.315495 0.385188 0.327108
0 0.406856 0.450833 0.403732 0.465586 0.386875 0.471286 0.371110 0.464572 0.363483 0.450833 0.372458 0.437121 0.386875 0.428068 0.402176 0.436714
0 0.542542 0.270833 0.536899 0.293449 0.523750 0.301049 0.510641 0.290941 0.505509 0.270833 0.510241 0.248762 0.523750 0.242447 0.536080 0.250350
0 0.622447 0.488333 0.617285 0.504448 0.601875 0.509663 0.587691 0.503300 0.582033 0.488333 0.588717 0.472950 0.601875 0.464830 0.616486 0.470189
0 0.641955 0.609167 0.636018 0.629110 0.622500 0.636417 0.609229 0.627884 0.603453 0.609167 0.609689 0.590775 0.622500 0.580762 0.636302 0.588599
0 0.448989 0.306667 0.443427 0.324095 0.429375 0.334911 0.414891 0.327131 0.409394 0.306667 0.414303 0.288588 0.429375 0.277825 0.445177 0.287248
0 0.326503 0.510000 0.318012 0.528851 0.302500 0.539572 0.286419 0.530562 0.278931 0.510000 0.287488 0.491085 0.302500 0.479238 0.317298 0.491002
0 0.328813 0.611667 0.320319 0.634979 0.305000 0.644363 0.288174 0.634285 0.283535 0.611667 0.288542 0.586848 0.305000 0.576056 0.322324 0.589316
0 0.651874 0.516667 0.646608 0.538375 0.628750 0.549708 0.611649 0.538867 0.603278 0.516667 0.612375 0.492579 0.628750 0.482802 0.647058 0.494101
0 0.596844 0.450833 0.592050 0.468370 0.579375 0.479033 0.567116 0.470670 0.560917 0.450833 0.565359 0.430128 0.579375 0.422419 0.593433 0.433133
0 0.463441 0.610000 0.454597 0.628453 0.440625 0.640781 0.424513 0.631082 0.417946 0.610000 0.426272 0.591530 0.440625 0.581299 0.455970 0.588669
0 0.608387 0.257500 0.602948 0.280968 0.591250 0.291316 0.579027 0.277423 0.572010 0.257500 0.578765 0.233710 0.591250 0.228502 0.602614 0.233597
0 0.367255 0.485833 0.356423 0.502659 0.340625 0.511827 0.322517 0.503557 0.317768 0.485833 0.322554 0.466143 0.340625 0.460274 0.358098 0.466177
0 0.596880 0.399167 0.593449 0.415776 0.578125 0.424233 0.563216 0.418062 0.556860 0.399167 0.562085 0.381718 0.578125 0.372196 0.591852 0.379952
0 0.551968 0.221667 0.546782 0.242691 0.534375 0.252917 0.522263 0.242042 0.516663 0.221667 0.520288 0.198712 0.534375 0.193350 0.548339 0.201989
0 0.488301 0.352500 0.484407 0.369764 0.465625 0.377719 0.448180 0.369135 0.441204 0.352500 0.448341 0.335993 0.465625 0.327300 0.483696 0.333150
0 0.630938 0.308333 0.623648 0.326261 0.608750 0.334820 0.593295 0.327276 0.589272 0.308333 0.593173 0.291633 0.608750 0.281013 0.623737 0.291160
0 0.622173 0.695833 0.613496 0.715339 0.598125 0.725261 0.584064 0.715225 0.578035 0.695833 0.583821 0.676126 0.598125 0.668343 0.612803 0.676704
0 0.675967 0.572500 0.668784 0.596041 0.653125 0.603480 0.637802 0.595049 0.631599 0.572500 0.638433 0.551378 0.653125 0.544353 0.669902 0.550526
0 0.435298 0.690000 0.431238 0.709626 0.415000 0.716326 0.398594 0.710463 0.391767 0.690000 0.398764 0.670451 0.415000 0.660052 0.430128 0.669934
0 0.549850 0.546667 0.545592 0.566926 0.531875 0.579274 0.518098 0.567751 0.512990 0.546667 0.519466 0.523545 0.531875 0.518330 0.545323 0.527095
0 0.607276 0.545833 0.600975 0.572507 0.590625 0.582676 0.579923 0.571732 0.576557 0.545833 0.579310 0.519768 0.590625 0.505309 0.601491 0.519421
0 0.461127 0.513333 0.457406 0.534960 0.445000 0.540943 0.431826 0.533415 0.428127 0.513333 0.432187 0.494170 0.445000 0.485499 0.458471 0.494043
0 0.529655 0.457500 0.524923 0.476464 0.510000 0.486750 0.495270 0.479417 0.491968 0.457500 0.494985 0.436031 0.510000 0.429514 0.523894 0.437500
0 0.353765 0.200000 0.347440 0.227312 0.330625 0.237506 0.314256 0.226052 0.306869 0.200000 0.311704 0.174242 0.330625 0.161635 0.349853 0.171650
0 0.545335 0.062500 0.539716 0.080209 0.525625 0.089931 0.511093 0.083818 0.506637 0.062500 0.511058 0.042647 0.525625 0.035646 0.539688 0.042824
0 0.415015 0.276667 0.409533 0.296762 0.392500 0.303903 0.375103 0.296287 0.371509 0.276667 0.375067 0.256821 0.392500 0.251437 0.408949 0.258392
0 0.590498 0.730833 0.580153 0.750726 0.564375 0.761572 0.545824 0.750597 0.539372 0.730833 0.548222 0.710911 0.564375 0.701799 0.581514 0.709662
0 0.493684 0.400833 0.483736 0.417446 0.466250 0.424274 0.447445 0.419365 0.439598 0.400833 0.448222 0.382937 0.466250 0.377930 0.484881 0.382315
0 0.491474 0.316667 0.482796 0.337042 0.469375 0.342309 0.454624 0.338032 0.447824 0.316667 0.453416 0.296508 0.469375 0.290023 0.482940 0.297990
0 0.723299 0.570000 0.716855 0.591576 0.699375 0.599608 0.682864 0.590846 0.675837 0.570000 0.683490 0.551752 0.699375 0.538893 0.717206 0.547977
0 0.656572 0.459167 0.652443 0.478575 0.633750 0.484172 0.614473 0.477063 0.608103 0.459167 0.616149 0.440077 0.633750 0.432561 0.651252 0.440513
0 0.647824 0.348333 0.643894 0.370499 0.629375 0.377439 0.616809 0.370362 0.609550 0.348333 0.614952 0.325259 0.629375 0.316991 0.642903 0.328652
0 0.575454 0.624167 0.568438 0.644786 0.553750 0.652828 0.538342 0.642584 0.532620 0.624167 0.540141 0.602877 0.553750 0.595189 0.568843 0.603831
0 0.480688 0.648333 0.472541 0.665956 0.454375 0.676065 0.434495 0.666875 0.426263 0.648333 0.435253 0.630461 0.454375 0.619782 0.473107 0.628387
0 0.679200 0.701667 0.672425 0.726083 0.655000 0.732573 0.636728 0.727046 0.633192 0.701667 0.639697 0.678721 0.655000 0.667466 0.670116 0.677282
0 0.606776 0.604167 0.600143 0.624859 0.583750 0.630280 0.567288 0.625517 0.562546 0.604167 0.570118 0.583622 0.583750 0.577622 0.598917 0.585297
0 0.485777 0.680000 0.480322 0.701693 0.463125 0.708583 0.444775 0.701034 0.437090 0.680000 0.446528 0.658996 0.463125 0.650605 0.479705 0.661421
0 0.681232 0.624167 0.675296 0.642708 0.658125 0.647614 0.642852 0.644061 0.634030 0.624167 0.642628 0.606950 0.658125 0.599083 0.674210 0.605546
0 0.769785 0.579167 0.761807 0.598428 0.745625 0.608628 0.729576 0.600215 0.721690 0.579167 0.728576 0.557907 0.745625 0.547824 0.762168 0.558246
0 0.527622 0.378333 0.522287 0.400426 0.508750 0.406924 0.493732 0.399626 0.489784 0.378333 0.493788 0.358694 0.508750 0.348662 0.521583 0.355964
0 0.579144 0.545833 0.573836 0.567630 0.563125 0.574354 0.551063 0.569442 0.546320 0.545833 0.552017 0.524946 0.563125 0.513690 0.574494 0.523716
0 0.399556 0.414167 0.392747 0.433156 0.378750 0.440917 0.364186 0.430995 0.358943 0.414167 0.365178 0.396323 0.378750 0.390635 0.394395 0.397676
0 0.595059 0.310000 0.587499 0.333396 0.576250 0.342505 0.564459 0.333400 0.558451 0.310000 0.562905 0.287580 0.576250 0.280403 0.589235 0.289720
0 0.651838 0.662500 0.645538 0.684509 0.630625 0.692957 0.617217 0.686139 0.610770 0.662500 0.616776 0.641896 0.630625 0.629694 0.644898 0.638805
0 0.713330 0.610000 0.705917 0.630402 0.688750 0.640661 0.674273 0.629992 0.665819 0.610000 0.672757 0.588521 0.688750 0.580439 0.704329 0.589060
0 0.648573 0.732500 0.641959 0.757126 0.626250 0.768003 0.610749 0.754522 0.603089 0.732500 0.610302 0.710226 0.626250 0.700869 0.643418 0.710195
0 0.558567 0.395833 0.555625 0.413312 0.541875 0.419111 0.528450 0.410242 0.524862 0.395833 0.529401 0.379067 0.541875 0.372537 0.554045 0.379333
0 0.505089 0.711667 0.495955 0.730137 0.479375 0.736370 0.461164 0.730853 0.456055 0.711667 0.461972 0.692721 0.479375 0.683710 0.495566 0.692143
0 0.619801 0.442500 0.615592 0.455847 0.606875 0.461865 0.597331 0.457191 0.594898 0.442500 0.596688 0.427401 0.606875 0.421457 0.616762 0.427620
0 0.638182 0.559167 0.632753 0.575968 0.619375 0.583177 0.606210 0.577397 0.600999 0.559167 0.606737 0.539934 0.619375 0.533152 0.631568 0.541298
0 0.491311 0.760000 0.486667 0.781324 0.470625 0.785602 0.455226 0.778036 0.448861 0.760000 0.455926 0.740276 0.470625 0.733663 0.485078 0.739352
0 0.413559 0.310833 0.404125 0.331612 0.385625 0.338190 0.366926 0.330732 0.356014 0.310833 0.366228 0.290717 0.385625 0.281433 0.404663 0.288627
0 0.757660 0.615000 0.748625 0.632412 0.732500 0.637236 0.713749 0.631589 0.706073 0.615000 0.713287 0.597463 0.732500 0.589984 0.751093 0.597704
0 0.611359 0.650000 0.605686 0.666864 0.593750 0.675065 0.580024 0.666634 0.573891 0.650000 0.581529 0.631863 0.593750 0.625550 0.606796 0.634947
0 0.679106 0.100000 0.675027 0.119526 0.658125 0.127991 0.642199 0.120955 0.636478 0.100000 0.640700 0.080987 0.658125 0.073347 0.673584 0.079257
0 0.692497 0.660000 0.686301 0.679111 0.670625 0.686108 0.656512 0.676226 0.650994 0.660000 0.654979 0.643903 0.670625 0.635092 0.683819 0.641961
0 0.569074 0.584167 0.565242 0.598216 0.546250 0.603326 0.527085 0.597643 0.521570 0.584167 0.528601 0.571257 0.546250 0.565004 0.563131 0.570710
0 0.797347 0.547500 0.789221 0.566460 0.771250 0.579218 0.753055 0.567147 0.746159 0.547500 0.755061 0.528771 0.771250 0.518943 0.788557 0.527059
0 0.462741 0.732500 0.456577 0.749863 0.441875 0.758455 0.429007 0.749719 0.424059 0.732500 0.427583 0.715888 0.441875 0.707442 0.456708 0.713484
0 0.282025 0.430000 0.275122 0.454110 0.261250 0.464527 0.247081 0.455850 0.242473 0.430000 0.247144 0.406571 0.261250 0.396110 0.276410 0.404088
0 0.649915 0.424167 0.644473 0.435386 0.631250 0.439176 0.618893 0.435841 0.613366 0.424167 0.619913 0.412681 0.631250 0.408325 0.643539 0.412813
0 0.612296 0.752500 0.607313 0.769946 0.594375 0.777715 0.580415 0.769518 0.578000 0.752500 0.581469 0.735293 0.594375 0.728417 0.606737 0.734125
0 0.422796 0.401667 0.417754 0.419053 0.405625 0.427484 0.393535 0.418882 0.387094 0.401667 0.394170 0.381711 0.405625 0.373509 0.417030 0.383813
0 0.276983 0.340000 0.272814 0.358512 0.258750 0.370534 0.246486 0.360401 0.241132 0.340000 0.244208 0.319812 0.258750 0.310234 0.271269 0.318012
0 0.399616 0.307500 0.392676 0.325282 0.378750 0.329925 0.363237 0.323923 0.359653 0.307500 0.364563 0.291985 0.378750 0.284808 0.392193 0.290814
0 0.389486 0.698333 0.383029 0.718687 0.368125 0.727291 0.351480 0.716440 0.346417 0.698333 0.352315 0.678175 0.368125 0.671228 0.383958 0.676737
1 0.460371 0.380833 0.447559 0.414258 0.421250 0.432513 0.394262 0.411270 0.386973 0.380833 0.394893 0.347865 0.421250 0.338065 0.448864 0.348333
1 0.546834 0.659650 0.534815 0.697703 0.512095 0.718218 0.489882 0.699410 0.480109 0.659650 0.491096 0.624859 0.512095 0.600465 0.536509 0.620965
1 0.586487 0.675359 0.581212 0.702820 0.565818 0.713421 0.549602 0.699475 0.546142 0.675359 0.549433 0.646117 0.565818 0.639268 0.581054 0.647453
1 0.518738 0.565400 0.508571 0.611913 0.484292 0.632468 0.457767 0.607579 0.451171 0.565400 0.461273 0.524276 0.484292 0.499196 0.507420 0.518550
0 0.747027 0.522673 0.740918 0.547524 0.724631 0.553528 0.706304 0.545668 0.702764 0.522673 0.709080 0.501420 0.724631 0.488043 0.741395 0.499205
0 0.688888 0.489999 0.683394 0.512216 0.667609 0.525949 0.650252 0.515598 0.646334 0.489999 0.651284 0.467050 0.667609 0.459452 0.684967 0.467937
0 0.424735 0.740077 0.418451 0.762703 0.401351 0.775138 0.385175 0.764140 0.378386 0.740077 0.386269 0.716061 0.401351 0.706507 0.416949 0.714177
0 0.342524 0.667819 0.337663 0.688270 0.323594 0.696606 0.309191 0.688623 0.306534 0.667819 0.311066 0.644856 0.323594 0.637935 0.337459 0.643501
0 0.426842 0.096031 0.418819 0.117406 0.402293 0.125391 0.385586 0.117704 0.379349 0.096031 0.385765 0.074448 0.402293 0.067498 0.419942 0.073957
