0 0.316012 0.345000 0.305860 0.367020 0.287500 0.378506 0.267013 0.365469 0.261999 0.345000 0.269227 0.324215 0.287500 0.313352 0.308014 0.321488
0 0.359045 0.350833 0.349870 0.372574 0.334375 0.384729 0.318935 0.374675 0.309636 0.350833 0.319588 0.328094 0.334375 0.321985 0.351369 0.331063
0 0.390189 0.377500 0.386793 0.396370 0.373125 0.405533 0.359762 0.395028 0.355572 0.377500 0.359310 0.359514 0.373125 0.349254 0.385312 0.358667
0 0.729672 0.566667 0.724831 0.591073 0.708125 0.599802 0.691816 0.587951 0.684893 0.566667 0.693172 0.544191 0.708125 0.530989 0.725323 0.542051
0 0.789630 0.390000 0.782865 0.412869 0.761875 0.422486 0.740829 0.411082 0.734849 0.390000 0.741919 0.367412 0.761875 0.361023 0.783252 0.366091
0 0.769841 0.453333 0.765375 0.473914 0.749375 0.486452 0.732367 0.475229 0.728128 0.453333 0.732801 0.432844 0.749375 0.419571 0.763399 0.431444
0 0.590099 0.335833 0.584634 0.356345 0.573125 0.362202 0.560226 0.354438 0.557682 0.335833 0.562316 0.315265 0.573125 0.307263 0.584387 0.314339
0 0.464750 0.277500 0.459619 0.303798 0.442500 0.314815 0.426325 0.303810 0.421951 0.277500 0.426973 0.252141 0.442500 0.244722 0.457307 0.254491
0 0.752733 0.302500 0.744968 0.324768 0.719375 0.336212 0.694199 0.324421 0.686029 0.302500 0.694918 0.278474 0.719375 0.271038 0.741520 0.280928
0 0.417867 0.250833 0.411069 0.274339 0.398125 0.282987 0.386233 0.271195 0.378751 0.250833 0.384165 0.228149 0.398125 0.216951 0.411999 0.228553
0 0.677937 0.650000 0.673898 0.672585 0.657500 0.688135 0.641421 0.674145 0.635523 0.650000 0.641650 0.624229 0.657500 0.616941 0.672887 0.627390
0 0.717895 0.265000 0.712236 0.290034 0.691875 0.305161 0.671405 0.289820 0.666461 0.265000 0.670370 0.240995 0.691875 0.231477 0.711932 0.240060
0 0.612982 0.585833 0.607107 0.616863 0.588750 0.629426 0.572114 0.617419 0.562658 0.585833 0.570812 0.555347 0.588750 0.543907 0.603942 0.559750
0 0.530028 0.519167 0.522786 0.538933 0.505000 0.547850 0.486989 0.536754 0.482552 0.519167 0.488004 0.499589 0.505000 0.491946 0.521992 0.500742
0 0.346576 0.446667 0.338915 0.467630 0.324375 0.474402 0.309026 0.468852 0.303139 0.446667 0.309409 0.423558 0.324375 0.414865 0.338116 0.423480
0 0.484588 0.231667 0.478747 0.249849 0.465000 0.260117 0.450003 0.250620 0.444786 0.231667 0.452218 0.211612 0.465000 0.204979 0.478592 0.213079
0 0.599883 0.700000 0.593913 0.728505 0.577500 0.738922 0.562254 0.726711 0.555911 0.700000 0.559158 0.676029 0.577500 0.661159 0.595212 0.675458
0 0.578226 0.254167 0.572363 0.278285 0.556250 0.286998 0.541494 0.279064 0.532737 0.254167 0.539218 0.232712 0.556250 0.223255 0.571282 0.231774
0 0.465736 0.519167 0.462185 0.532960 0.449375 0.538118 0.438335 0.533557 0.432062 0.519167 0.437703 0.503538 0.449375 0.500007 0.461996 0.504316
0 0.635898 0.333333 0.632350 0.350290 0.619375 0.357364 0.608501 0.349794 0.601502 0.333333 0.608154 0.314649 0.619375 0.308762 0.630974 0.315834
0 0.673085 0.450833 0.669728 0.472227 0.657500 0.481400 0.646538 0.474065 0.640905 0.450833 0.647049 0.429632 0.657500 0.419869 0.668396 0.429814
0 0.333780 0.490833 0.328609 0.520826 0.314375 0.530663 0.298706 0.519718 0.292656 0.490833 0.300526 0.462616 0.314375 0.451085 0.329073 0.463429
0 0.342697 0.607500 0.335430 0.633889 0.325000 0.640807 0.313416 0.631909 0.309957 0.607500 0.312902 0.580749 0.325000 0.571230 0.337378 0.584504
0 0.627721 0.409167 0.622707 0.425082 0.611875 0.430592 0.600400 0.423475 0.593979 0.409167 0.600086 0.395219 0.611875 0.389697 0.624669 0.395187
0 0.695523 0.387500 0.686786 0.409567 0.670625 0.416076 0.655443 0.406660 0.649248 0.387500 0.652882 0.366385 0.670625 0.359233 0.687171 0.367124
0 0.369298 0.617500 0.364935 0.633978 0.353125 0.641691 0.341604 0.635988 0.337633 0.617500 0.341599 0.597629 0.353125 0.590908 0.363757 0.598642
0 0.448968 0.659167 0.445836 0.682649 0.433750 0.688525 0.421303 0.679402 0.417196 0.659167 0.422441 0.637313 0.433750 0.629131 0.445509 0.638822
0 0.482814 0.483333 0.477484 0.503440 0.463125 0.507524 0.450468 0.503993 0.444968 0.483333 0.450705 0.464288 0.463125 0.457889 0.476706 0.465234
0 0.301410 0.526667 0.295410 0.546885 0.283125 0.558131 0.271397 0.548410 0.264857 0.526667 0.271993 0.502175 0.283125 0.494459 0.294928 0.505781
0 0.461643 0.446667 0.455026 0.467059 0.443125 0.471840 0.430737 0.465417 0.427280 0.446667 0.432172 0.426219 0.443125 0.421508 0.455731 0.428327
0 0.715686 0.184167 0.709415 0.210063 0.694375 0.226517 0.680672 0.214504 0.675051 0.184167 0.681783 0.157267 0.694375 0.147007 0.707299 0.155367
0 0.487444 0.599167 0.481535 0.613157 0.470000 0.618793 0.458919 0.614533 0.453521 0.599167 0.458780 0.584873 0.470000 0.577510 0.482623 0.585676
0 0.456754 0.558333 0.448749 0.577579 0.436250 0.582697 0.422078 0.578536 0.419223 0.558333 0.422500 0.539312 0.436250 0.529965 0.450116 0.540700
0 0.731842 0.460833 0.723036 0.483282 0.708125 0.492094 0.691474 0.482761 0.687253 0.460833 0.694002 0.436405 0.708125 0.428866 0.722048 0.436891
0 0.739618 0.404167 0.728947 0.427404 0.711250 0.434539 0.690735 0.425527 0.681316 0.404167 0.691843 0.379413 0.711250 0.374399 0.729301 0.381136
0 0.378182 0.298333 0.369715 0.322593 0.352500 0.332157 0.332365 0.320829 0.326555 0.298333 0.332566 0.277900 0.352500 0.267987 0.370211 0.274755
0 0.388340 0.455000 0.380910 0.470765 0.365000 0.477498 0.351409 0.469889 0.342315 0.455000 0.350745 0.438857 0.365000 0.429944 0.379969 0.437107
0 0.534470 0.596667 0.527119 0.621956 0.509375 0.635116 0.492023 0.621665 0.488559 0.596667 0.491611 0.570548 0.509375 0.564371 0.526790 0.573174
0 0.554119 0.397500 0.549611 0.415989 0.536250 0.425714 0.524070 0.415433 0.518337 0.397500 0.524054 0.380978 0.536250 0.369237 0.549783 0.379869
0 0.457246 0.603333 0.453445 0.620653 0.442500 0.632579 0.430725 0.623230 0.425915 0.603333 0.431753 0.584489 0.442500 0.576341 0.454855 0.584028
0 0.672834 0.328333 0.666075 0.346050 0.651250 0.356262 0.637126 0.346976 0.631309 0.328333 0.636153 0.310273 0.651250 0.302642 0.665976 0.308378
0 0.546941 0.279167 0.540585 0.308659 0.526875 0.319364 0.512320 0.306851 0.508587 0.279167 0.511849 0.249296 0.526875 0.238814 0.539499 0.247521
0 0.657181 0.283333 0.653036 0.300960 0.638750 0.310601 0.624447 0.301510 0.618588 0.283333 0.623994 0.265052 0.638750 0.255151 0.653020 0.263339
0 0.400569 0.178333 0.392793 0.198801 0.377500 0.206415 0.362547 0.200320 0.357078 0.178333 0.361746 0.158299 0.377500 0.146937 0.391792 0.156549
0 0.569140 0.365000 0.561968 0.383814 0.549375 0.390034 0.535431 0.383723 0.532306 0.365000 0.536628 0.347518 0.549375 0.337632 0.561682 0.346133
0 0.660768 0.701667 0.652158 0.720002 0.633750 0.724819 0.616992 0.717876 0.606288 0.701667 0.616079 0.683637 0.633750 0.677619 0.653220 0.682509
0 0.464059 0.336667 0.457862 0.353883 0.444375 0.363424 0.430879 0.356180 0.426744 0.336667 0.431651 0.318942 0.444375 0.307894 0.455944 0.317062
0 0.505933 0.545000 0.498604 0.563591 0.480625 0.572698 0.464316 0.565097 0.455282 0.545000 0.464664 0.526058 0.480625 0.516720 0.498747 0.523103
0 0.490127 0.331667 0.485021 0.349301 0.472500 0.358274 0.460118 0.352350 0.455144 0.331667 0.461365 0.312073 0.472500 0.306308 0.483893 0.311455
0 0.619644 0.452500 0.617422 0.469057 0.605000 0.476831 0.594347 0.470534 0.588481 0.452500 0.594444 0.433110 0.605000 0.428455 0.616544 0.434525
0 0.486021 0.272500 0.480709 0.286064 0.470625 0.291928 0.459518 0.286165 0.455474 0.272500 0.459724 0.258403 0.470625 0.250111 0.480492 0.259013
0 0.534006 0.476667 0.526688 0.493527 0.507500 0.503066 0.485612 0.495734 0.476707 0.476667 0.485687 0.459610 0.507500 0.450364 0.529261 0.459971
0 0.401861 0.552500 0.398657 0.578325 0.383750 0.587949 0.369638 0.580342 0.363812 0.552500 0.369718 0.526660 0.383750 0.517310 0.396861 0.527612
0 0.799930 0.502500 0.794277 0.519117 0.779375 0.528047 0.766136 0.520172 0.757294 0.502500 0.763755 0.482870 0.779375 0.477044 0.792706 0.484277
0 0.362244 0.516667 0.356593 0.547678 0.341875 0.557788 0.326870 0.543274 0.322399 0.516667 0.328948 0.489010 0.341875 0.474626 0.354514 0.485234
0 0.767005 0.590000 0.759479 0.617642 0.745625 0.625406 0.729778 0.614087 0.724630 0.590000 0.730539 0.566121 0.745625 0.555528 0.759906 0.566536
0 0.490505 0.627500 0.484439 0.640577 0.472500 0.644492 0.459052 0.639533 0.456239 0.627500 0.461247 0.616047 0.472500 0.611509 0.484504 0.614961
0 0.534583 0.115000 0.529317 0.137284 0.516875 0.149618 0.505936 0.136064 0.501270 0.115000 0.505061 0.093292 0.516875 0.086110 0.528333 0.091685
0 0.531959 0.435833 0.522412 0.452753 0.504375 0.458289 0.487241 0.451392 0.478397 0.435833 0.485810 0.421074 0.504375 0.411971 0.523567 0.419596
0 0.372887 0.574167 0.368230 0.588783 0.355000 0.596133 0.340872 0.590535 0.335855 0.574167 0.342752 0.559799 0.355000 0.552097 0.369183 0.558241
0 0.514070 0.669167 0.507842 0.698778 0.494375 0.711395 0.479576 0.702851 0.474776 0.669167 0.479605 0.639341 0.494375 0.625421 0.507193 0.635177
0 0.406096 0.198333 0.399609 0.221917 0.385625 0.231243 0.371379 0.219120 0.366503 0.198333 0.371506 0.174192 0.385625 0.164576 0.398824 0.177090
0 0.670283 0.236667 0.663685 0.255710 0.649375 0.263666 0.633830 0.252956 0.626786 0.236667 0.634551 0.218288 0.649375 0.212487 0.663976 0.220235
0 0.441757 0.197500 0.435949 0.227483 0.421875 0.245360 0.407155 0.228454 0.403194 0.197500 0.408250 0.164882 0.421875 0.156571 0.437528 0.163313
0 0.740604 0.354167 0.737219 0.372496 0.721250 0.377445 0.707028 0.373854 0.700362 0.354167 0.707501 0.336165 0.721250 0.329466 0.734912 0.336697
0 0.642858 0.601667 0.637103 0.620959 0.623125 0.628318 0.609992 0.618654 0.604249 0.601667 0.609114 0.581717 0.623125 0.574306 0.637796 0.582296
0 0.763085 0.530833 0.755832 0.549698 0.741875 0.556316 0.725183 0.550729 0.720931 0.530833 0.725403 0.509784 0.741875 0.505884 0.758872 0.510390
0 0.709018 0.345833 0.700327 0.363650 0.683125 0.370439 0.667314 0.362406 0.658656 0.345833 0.665282 0.329646 0.683125 0.322752 0.701404 0.330405
0 0.570864 0.585833 0.566447 0.605326 0.555000 0.613330 0.542989 0.604501 0.536569 0.585833 0.542174 0.563257 0.555000 0.556004 0.567051 0.564782
0 0.443364 0.215000 0.435993 0.233072 0.422500 0.242710 0.408747 0.234015 0.403430 0.215000 0.407925 0.196636 0.422500 0.187810 0.436416 0.195342
0 0.366588 0.406667 0.359510 0.424246 0.340625 0.433687 0.323387 0.423711 0.315270 0.406667 0.320763 0.386412 0.340625 0.381852 0.359382 0.389603
0 0.798099 0.270833 0.790031 0.301222 0.770625 0.309390 0.753419 0.297352 0.744523 0.270833 0.753297 0.240585 0.770625 0.228843 0.788694 0.242266
0 0.514507 0.220000 0.508671 0.237639 0.496875 0.245618 0.485137 0.238821 0.479764 0.220000 0.484642 0.203755 0.496875 0.193307 0.509738 0.202967
0 0.364306 0.254167 0.357540 0.272857 0.340625 0.280171 0.323821 0.273944 0.316991 0.254167 0.323859 0.235469 0.340625 0.229690 0.356717 0.235468
0 0.466015 0.094167 0.460877 0.116577 0.448125 0.122376 0.435748 0.114516 0.429904 0.094167 0.434532 0.074406 0.448125 0.063882 0.461558 0.073718
0 0.400513 0.428333 0.395189 0.444787 0.384375 0.452153 0.372641 0.443407 0.368177 0.428333 0.374341 0.413485 0.384375 0.407145 0.394694 0.412119
0 0.401928 0.187500 0.394815 0.216103 0.379375 0.226761 0.363571 0.215463 0.355951 0.187500 0.364081 0.161411 0.379375 0.150230 0.395114 0.159835
0 0.383957 0.255833 0.380887 0.276423 0.371875 0.281623 0.363888 0.273494 0.360093 0.255833 0.363870 0.236201 0.371875 0.230591 0.380815 0.237932
0 0.642885 0.542500 0.635790 0.563041 0.623125 0.568044 0.610768 0.562097 0.605430 0.542500 0.609255 0.524178 0.623125 0.517604 0.635762 0.524298
0 0.420433 0.600833 0.413737 0.620903 0.398750 0.633346 0.383345 0.621466 0.379218 0.600833 0.384263 0.579756 0.398750 0.569371 0.414267 0.579816
0 0.554317 0.565000 0.545589 0.584796 0.532500 0.592318 0.517207 0.582772 0.512602 0.565000 0.518105 0.547905 0.532500 0.537175 0.546690 0.546549
0 0.560169 0.200000 0.550737 0.223671 0.535625 0.229386 0.519356 0.224514 0.514337 0.200000 0.518309 0.178718 0.535625 0.167013 0.552309 0.176197
0 0.318797 0.295833 0.314565 0.316093 0.295625 0.322912 0.279168 0.316436 0.271920 0.295833 0.277462 0.273338 0.295625 0.269306 0.311219 0.273663
0 0.464298 0.379167 0.460096 0.395585 0.446875 0.402584 0.434863 0.394932 0.428747 0.379167 0.435076 0.362719 0.446875 0.356568 0.460679 0.362704
0 0.479593 0.664167 0.474756 0.687534 0.461875 0.699741 0.450663 0.688350 0.444441 0.664167 0.449881 0.638762 0.461875 0.629166 0.474460 0.641319
0 0.486874 0.715000 0.482174 0.731716 0.470000 0.740131 0.458250 0.731052 0.452781 0.715000 0.457678 0.698018 0.470000 0.689628 0.483328 0.698453
0 0.566262 0.501667 0.561673 0.516911 0.553125 0.519704 0.543395 0.514774 0.540826 0.501667 0.544296 0.488324 0.553125 0.480014 0.562860 0.488331
0 0.776073 0.332500 0.771142 0.351102 0.754375 0.359232 0.740433 0.353872 0.734683 0.332500 0.738613 0.314060 0.754375 0.305639 0.769790 0.311736
0 0.641642 0.662500 0.630188 0.690391 0.606250 0.702651 0.581332 0.690507 0.575274 0.662500 0.582708 0.635473 0.606250 0.628549 0.629061 0.635125
0 0.597113 0.504167 0.592707 0.523583 0.577500 0.529812 0.562065 0.522157 0.557363 0.504167 0.563801 0.487384 0.577500 0.479097 0.590890 0.486634
0 0.429426 0.671667 0.425730 0.694283 0.416875 0.707626 0.406763 0.695014 0.404304 0.671667 0.408024 0.648072 0.416875 0.637277 0.426445 0.649015
0 0.517922 0.738333 0.514440 0.756532 0.500000 0.763886 0.488001 0.754512 0.480473 0.738333 0.485893 0.719029 0.500000 0.715797 0.512697 0.721798
0 0.605072 0.281667 0.597247 0.298497 0.585625 0.306984 0.572151 0.300806 0.565937 0.281667 0.572576 0.263841 0.585625 0.256948 0.599522 0.265273
0 0.296885 0.476667 0.290744 0.492859 0.277500 0.501916 0.263450 0.494265 0.258118 0.476667 0.264693 0.460731 0.277500 0.454967 0.291199 0.460650
0 0.429211 0.390833 0.423344 0.412404 0.411250 0.417365 0.397771 0.411959 0.392547 0.390833 0.399000 0.372192 0.411250 0.361350 0.424410 0.368283
0 0.478256 0.175833 0.471216 0.195692 0.459375 0.206297 0.445932 0.197133 0.443054 0.175833 0.445679 0.155171 0.459375 0.145648 0.471779 0.155016
0 0.625256 0.630833 0.617767 0.647537 0.602500 0.651658 0.586683 0.646605 0.581119 0.630833 0.587123 0.613434 0.602500 0.609965 0.618445 0.614111
0 0.392580 0.498333 0.389131 0.513458 0.377500 0.520034 0.366609 0.513969 0.362671 0.498333 0.366850 0.484199 0.377500 0.478164 0.388175 0.483330
0 0.691539 0.451667 0.689301 0.477868 0.678750 0.488591 0.669976 0.476795 0.665005 0.451667 0.668705 0.426007 0.678750 0.415755 0.687990 0.428582
0 0.319430 0.411667 0.310640 0.437830 0.294375 0.451762 0.277313 0.438647 0.272746 0.411667 0.278443 0.385312 0.294375 0.368798 0.310175 0.386151
0 0.445876 0.410833 0.442900 0.427054 0.430625 0.432615 0.418863 0.428061 0.414189 0.410833 0.417588 0.393388 0.430625 0.388714 0.441379 0.395045
0 0.541075 0.730000 0.535295 0.750301 0.524375 0.760347 0.512462 0.750934 0.507250 0.730000 0.514283 0.711078 0.524375 0.704483 0.535406 0.708213
0 0.630861 0.130000 0.621130 0.148869 0.606250 0.155347 0.590435 0.146862 0.584451 0.130000 0.591561 0.114031 0.606250 0.106388 0.623092 0.113607
0 0.699021 0.595833 0.689746 0.616628 0.674375 0.620771 0.658626 0.615492 0.653461 0.595833 0.658646 0.576953 0.674375 0.567222 0.691771 0.575523
0 0.701921 0.638333 0.697577 0.659864 0.683750 0.671681 0.671129 0.658582 0.664730 0.638333 0.670803 0.614167 0.683750 0.604185 0.697884 0.614198
0 0.666860 0.174167 0.660702 0.212862 0.641250 0.230634 0.621184 0.215847 0.615364 0.174167 0.624381 0.132764 0.641250 0.119505 0.658973 0.133302
0 0.485979 0.412500 0.479428 0.427473 0.466250 0.434664 0.452222 0.428703 0.446164 0.412500 0.453537 0.396714 0.466250 0.387899 0.479564 0.396423
0 0.571847 0.726667 0.565614 0.742550 0.553125 0.748509 0.538555 0.741568 0.532756 0.726667 0.540659 0.711532 0.553125 0.701111 0.566666 0.709073
0 0.560774 0.200000 0.555455 0.220443 0.544375 0.229252 0.532593 0.222162 0.529765 0.200000 0.533215 0.178647 0.544375 0.171240 0.554755 0.178826
0 0.804149 0.449167 0.797485 0.467063 0.785625 0.476629 0.774878 0.466975 0.769521 0.449167 0.773013 0.431559 0.785625 0.423994 0.798104 0.429888
0 0.366529 0.497500 0.359300 0.515059 0.345625 0.521685 0.329651 0.513957 0.326372 0.497500 0.330301 0.481928 0.345625 0.474345 0.359402 0.481996
0 0.630739 0.255833 0.625384 0.276331 0.610000 0.285861 0.595329 0.274868 0.587599 0.255833 0.593621 0.237760 0.610000 0.227466 0.624988 0.238041
0 0.647434 0.439167 0.643803 0.469248 0.633125 0.480292 0.622289 0.469471 0.616995 0.439167 0.621814 0.411387 0.633125 0.400683 0.644430 0.409325
0 0.417492 0.295833 0.411065 0.312467 0.399375 0.318417 0.386452 0.310555 0.379862 0.295833 0.386365 0.278376 0.399375 0.271902 0.411298 0.278576
0 0.505188 0.122500 0.499659 0.143378 0.481875 0.149483 0.465262 0.140283 0.460303 0.122500 0.465268 0.103757 0.481875 0.095403 0.498079 0.101289
0 0.707806 0.539167 0.701286 0.560470 0.687500 0.572516 0.674972 0.560992 0.669461 0.539167 0.673347 0.517098 0.687500 0.505113 0.699653 0.516825
0 0.415682 0.331667 0.409256 0.351503 0.396875 0.362734 0.383385 0.351291 0.379719 0.331667 0.383373 0.311899 0.396875 0.304652 0.408419 0.311166
0 0.603692 0.330000 0.600105 0.350700 0.591875 0.354194 0.582981 0.350628 0.580847 0.330000 0.583364 0.311473 0.591875 0.305159 0.599989 0.311811
0 0.507268 0.172500 0.501197 0.188271 0.491250 0.194296 0.480144 0.189971 0.475262 0.172500 0.481458 0.155860 0.491250 0.148021 0.502542 0.153902
0 0.429711 0.390000 0.422612 0.409559 0.404375 0.420359 0.386424 0.411280 0.379642 0.390000 0.388814 0.368315 0.404375 0.358846 0.420710 0.370346
0 0.510542 0.274167 0.504797 0.298656 0.495625 0.307417 0.485447 0.298999 0.481534 0.274167 0.485107 0.247731 0.495625 0.237153 0.506658 0.251202
0 0.336792 0.555000 0.331587 0.573924 0.315625 0.581341 0.297661 0.573741 0.292461 0.555000 0.298120 0.536642 0.315625 0.528034 0.331874 0.538949
0 0.434651 0.103333 0.427027 0.124279 0.410000 0.133648 0.393745 0.124432 0.384225 0.103333 0.394076 0.082399 0.410000 0.072196 0.426289 0.079745
0 0.437346 0.327500 0.433826 0.351454 0.424375 0.364214 0.415937 0.350206 0.412476 0.327500 0.415524 0.304029 0.424375 0.290458 0.434160 0.303667
0 0.668571 0.101667 0.659731 0.125851 0.642500 0.136265 0.623862 0.122935 0.617646 0.101667 0.626215 0.075937 0.642500 0.069942 0.658420 0.079042
0 0.581319 0.134167 0.572801 0.151800 0.558750 0.159532 0.543497 0.150705 0.539617 0.134167 0.542798 0.117047 0.558750 0.112097 0.573531 0.116966
0 0.540112 0.664167 0.536981 0.688696 0.523750 0.701325 0.512164 0.687000 0.507598 0.664167 0.511187 0.641179 0.523750 0.626137 0.535657 0.638357
0 0.367077 0.507500 0.361570 0.531049 0.345625 0.544177 0.332208 0.532311 0.326061 0.507500 0.330708 0.481496 0.345625 0.471848 0.360617 0.482456
0 0.734916 0.631667 0.728553 0.662396 0.716875 0.676299 0.704418 0.659728 0.698025 0.631667 0.704790 0.600746 0.716875 0.589682 0.730052 0.599925
0 0.357580 0.530000 0.352433 0.549047 0.339375 0.559580 0.327392 0.551401 0.323826 0.530000 0.327238 0.509348 0.339375 0.500983 0.350205 0.508931
0 0.408505 0.388333 0.404759 0.408751 0.395000 0.418206 0.385031 0.409542 0.379505 0.388333 0.383432 0.367522 0.395000 0.359074 0.406469 0.368680
0 0.667713 0.162500 0.663547 0.196883 0.645625 0.218923 0.630245 0.197562 0.624291 0.162500 0.629721 0.122000 0.645625 0.109926 0.661481 0.128564
0 0.390245 0.653333 0.384418 0.669918 0.369375 0.674863 0.352204 0.668011 0.344255 0.653333 0.353065 0.638921 0.369375 0.633657 0.385598 0.638143
0 0.536541 0.476667 0.530413 0.491940 0.515625 0.499197 0.500234 0.491814 0.496400 0.476667 0.502491 0.460804 0.515625 0.456593 0.530939 0.460543
0 0.625424 0.298333 0.619366 0.314490 0.606875 0.317930 0.595650 0.312399 0.589378 0.298333 0.595676 0.284480 0.606875 0.276333 0.619608 0.282069
0 0.769272 0.217500 0.760896 0.240214 0.746875 0.250495 0.732107 0.243118 0.724116 0.217500 0.732765 0.192527 0.746875 0.183341 0.763161 0.192311
0 0.360808 0.189167 0.355349 0.210947 0.340000 0.218525 0.323441 0.212391 0.316002 0.189167 0.324648 0.167673 0.340000 0.157005 0.354788 0.167108
0 0.591373 0.172500 0.584404 0.190615 0.574375 0.198309 0.563510 0.189776 0.559032 0.172500 0.564097 0.155424 0.574375 0.146406 0.585266 0.153579
0 0.764832 0.527500 0.754714 0.550514 0.734375 0.559971 0.712655 0.552602 0.706765 0.527500 0.713132 0.506531 0.734375 0.496376 0.755977 0.505569
0 0.432121 0.612500 0.424974 0.636677 0.413750 0.646699 0.401550 0.633222 0.397144 0.612500 0.400520 0.587435 0.413750 0.580997 0.425733 0.588831
0 0.596849 0.087500 0.591450 0.106153 0.581250 0.114528 0.570728 0.106678 0.565556 0.087500 0.571562 0.066351 0.581250 0.060049 0.591444 0.068323
0 0.336985 0.479167 0.331312 0.500128 0.316250 0.505607 0.301023 0.500919 0.295776 0.479167 0.302356 0.458190 0.316250 0.452012 0.330852 0.457446
0 0.405856 0.670833 0.400992 0.686766 0.391250 0.690628 0.382188 0.686235 0.378694 0.670833 0.380957 0.655015 0.391250 0.648842 0.400480 0.655114
0 0.423468 0.549167 0.420259 0.565565 0.411250 0.571789 0.401652 0.564237 0.398066 0.549167 0.402435 0.532493 0.411250 0.525248 0.420575 0.533169
0 0.615532 0.673333 0.609322 0.693455 0.595000 0.699537 0.581389 0.690580 0.574435 0.673333 0.579806 0.653855 0.595000 0.649033 0.609996 0.654640
0 0.596378 0.446667 0.587010 0.472981 0.566250 0.484849 0.544182 0.474351 0.536236 0.446667 0.544351 0.419284 0.566250 0.406268 0.586893 0.416505
0 0.734019 0.220000 0.729058 0.239010 0.715625 0.246950 0.703544 0.237494 0.698276 0.220000 0.701741 0.200901 0.715625 0.195938 0.727578 0.200470
0 0.440518 0.171667 0.434708 0.191558 0.421250 0.196301 0.407120 0.189551 0.402616 0.171667 0.407946 0.151897 0.421250 0.144353 0.434400 0.152152
0 0.557508 0.633333 0.551118 0.651714 0.539375 0.660008 0.526725 0.651341 0.523996 0.633333 0.527177 0.612640 0.539375 0.605770 0.552468 0.613008
0 0.633079 0.501667 0.626527 0.520859 0.613750 0.527070 0.599869 0.519010 0.594515 0.501667 0.598315 0.483730 0.613750 0.477917 0.627482 0.482956
0 0.437829 0.509167 0.430584 0.528600 0.415000 0.533122 0.401416 0.527210 0.394087 0.509167 0.399035 0.491704 0.415000 0.482043 0.429527 0.491736
0 0.324130 0.267500 0.317378 0.284248 0.305000 0.289454 0.292906 0.284568 0.287038 0.267500 0.291704 0.251749 0.305000 0.245130 0.317964 0.251695
0 0.505936 0.275833 0.502697 0.296556 0.493125 0.303203 0.484618 0.294910 0.478856 0.275833 0.483681 0.254754 0.493125 0.247603 0.503288 0.254990
0 0.442330 0.490833 0.437635 0.524096 0.416875 0.536445 0.397008 0.524939 0.389771 0.490833 0.398493 0.459282 0.416875 0.442760 0.436975 0.456306
0 0.695513 0.385833 0.684702 0.407990 0.661875 0.417420 0.637764 0.409454 0.628720 0.385833 0.641333 0.363763 0.661875 0.354096 0.683066 0.364923
0 0.442985 0.183333 0.434042 0.212695 0.421250 0.224099 0.408143 0.212055 0.402574 0.183333 0.405884 0.153702 0.421250 0.145595 0.434094 0.157864
0 0.741941 0.216667 0.737121 0.237353 0.720000 0.251500 0.703137 0.240277 0.699717 0.216667 0.702700 0.193570 0.720000 0.183248 0.735956 0.193705
0 0.607534 0.274167 0.602069 0.296740 0.587500 0.307807 0.572424 0.296318 0.566320 0.274167 0.572673 0.250778 0.587500 0.239097 0.602249 0.249270
0 0.749892 0.171667 0.742891 0.189811 0.728750 0.197384 0.712300 0.189409 0.705980 0.171667 0.714311 0.154182 0.728750 0.144567 0.743224 0.152281
0 0.527445 0.175833 0.519549 0.196023 0.507500 0.203168 0.494036 0.197183 0.490149 0.175833 0.495166 0.155228 0.507500 0.147951 0.521484 0.155514
0 0.662776 0.190000 0.655038 0.219672 0.638125 0.229741 0.622905 0.216784 0.614231 0.190000 0.621872 0.164476 0.638125 0.148763 0.653119 0.164725
0 0.795173 0.555000 0.789512 0.573795 0.775625 0.580112 0.762016 0.573875 0.757481 0.555000 0.763253 0.537909 0.775625 0.529101 0.787761 0.535770
0 0.615879 0.110000 0.610605 0.128846 0.598750 0.132582 0.587396 0.126248 0.580160 0.110000 0.586228 0.092931 0.598750 0.082905 0.611272 0.092656
0 0.486479 0.155833 0.483451 0.174420 0.470000 0.178288 0.458359 0.172850 0.451202 0.155833 0.456934 0.138292 0.470000 0.131620 0.483504 0.137071
1 0.599602 0.445000 0.587782 0.470068 0.566250 0.482006 0.542603 0.470882 0.537852 0.445000 0.544381 0.418639 0.566250 0.409102 0.589743 0.418400
0 0.486354 0.167500 0.478615 0.186077 0.463750 0.194395 0.447525 0.186143 0.440584 0.167500 0.449636 0.146423 0.463750 0.137862 0.480089 0.146052
0 0.806590 0.440833 0.801818 0.467379 0.787500 0.476474 0.773514 0.468460 0.767641 0.440833 0.774935 0.414361 0.787500 0.399907 0.800422 0.412037
0 0.317180 0.590000 0.310968 0.615603 0.296875 0.626912 0.280027 0.616268 0.273546 0.590000 0.282272 0.567516 0.296875 0.553920 0.311978 0.563363
0 0.599267 0.236667 0.596106 0.249453 0.586875 0.256017 0.577230 0.248951 0.574638 0.236667 0.577704 0.223674 0.586875 0.220138 0.596932 0.223255
0 0.713322 0.135000 0.703963 0.161050 0.689375 0.170689 0.675018 0.163320 0.665569 0.135000 0.673741 0.109020 0.689375 0.096958 0.705009 0.105226
0 0.498436 0.080833 0.494204 0.102194 0.480000 0.110024 0.465667 0.098943 0.458972 0.080833 0.464894 0.062357 0.480000 0.050643 0.494785 0.061078
0 0.561176 0.309167 0.555391 0.326736 0.543125 0.335306 0.530654 0.328016 0.525301 0.309167 0.530954 0.289630 0.543125 0.281810 0.554607 0.289804
0 0.582264 0.504167 0.574066 0.519918 0.560625 0.528834 0.546103 0.521402 0.538156 0.504167 0.546289 0.487748 0.560625 0.480940 0.576041 0.485960
0 0.404829 0.608333 0.399795 0.625298 0.386875 0.633135 0.375869 0.625547 0.369807 0.608333 0.375906 0.589506 0.386875 0.585098 0.398388 0.591962
0 0.573511 0.770833 0.566201 0.789770 0.550625 0.800776 0.532935 0.790682 0.524948 0.770833 0.535086 0.751726 0.550625 0.739960 0.568573 0.750850
0 0.595322 0.090833 0.589276 0.112670 0.576875 0.120597 0.561978 0.113243 0.556419 0.090833 0.562668 0.067849 0.576875 0.059864 0.590807 0.068477
0 0.626191 0.510833 0.620695 0.529470 0.608750 0.536328 0.596479 0.529173 0.589690 0.510833 0.595645 0.493581 0.608750 0.488756 0.621854 0.493496
0 0.432521 0.608333 0.426259 0.627252 0.416875 0.632601 0.406596 0.627544 0.402273 0.608333 0.406817 0.588942 0.416875 0.579292 0.426936 0.588010
0 0.595205 0.504167 0.584608 0.522541 0.568125 0.526054 0.549838 0.520874 0.544723 0.504167 0.551211 0.487433 0.568125 0.478445 0.587186 0.488766
0 0.701864 0.532500 0.694704 0.559457 0.682500 0.569669 0.668912 0.558227 0.665503 0.532500 0.669657 0.506667 0.682500 0.498298 0.694612 0.504188
0 0.423670 0.631667 0.419472 0.642429 0.409375 0.648897 0.398493 0.642332 0.393605 0.631667 0.399402 0.620002 0.409375 0.615092 0.419505 0.620221
0 0.500663 0.516667 0.496483 0.529314 0.488125 0.534560 0.480431 0.529302 0.475440 0.516667 0.479357 0.504042 0.488125 0.499051 0.496695 0.505815
0 0.610324 0.387500 0.603494 0.404627 0.589375 0.411193 0.574497 0.401869 0.571645 0.387500 0.576150 0.371156 0.589375 0.366738 0.602194 0.370408
1 0.535471 0.375000 0.522981 0.408960 0.497500 0.423713 0.469505 0.408891 0.460915 0.375000 0.470780 0.344871 0.497500 0.332352 0.521476 0.341471
0 0.568087 0.526667 0.562084 0.541707 0.547500 0.549964 0.533655 0.542855 0.526156 0.526667 0.532557 0.511287 0.547500 0.504389 0.561586 0.510902
0 0.666704 0.505833 0.660634 0.521703 0.648750 0.529333 0.635475 0.522112 0.632964 0.505833 0.637122 0.488014 0.648750 0.483089 0.660853 0.489297
0 0.559771 0.084167 0.555980 0.107756 0.543125 0.115904 0.532184 0.108833 0.527112 0.084167 0.530706 0.059818 0.543125 0.049573 0.554976 0.058296
0 0.790827 0.390000 0.783831 0.412442 0.770000 0.423062 0.753775 0.412064 0.749294 0.390000 0.755508 0.366002 0.770000 0.355119 0.785329 0.365533
0 0.521734 0.200833 0.513998 0.231434 0.500625 0.242255 0.486788 0.232407 0.479075 0.200833 0.486166 0.171925 0.500625 0.156744 0.514500 0.172013
0 0.624248 0.119167 0.617199 0.140104 0.601875 0.147433 0.585482 0.139872 0.580665 0.119167 0.585970 0.098150 0.601875 0.091018 0.618160 0.100536
0 0.592058 0.188333 0.586184 0.215100 0.574375 0.227344 0.562768 0.213318 0.556636 0.188333 0.561392 0.161409 0.574375 0.153520 0.586214 0.162008
0 0.321362 0.578333 0.314238 0.608612 0.299375 0.622865 0.284510 0.610068 0.278374 0.578333 0.284240 0.543555 0.299375 0.532136 0.313397 0.544291
1 0.450522 0.484167 0.440912 0.513739 0.416250 0.524628 0.394357 0.511680 0.381804 0.484167 0.393028 0.455349 0.416250 0.443601 0.440304 0.454076
0 0.696312 0.703333 0.689923 0.725321 0.675625 0.736999 0.660681 0.728655 0.657546 0.703333 0.661199 0.677659 0.675625 0.671051 0.689790 0.679118
0 0.592602 0.202500 0.585644 0.218387 0.574375 0.227842 0.562768 0.218202 0.557723 0.202500 0.562787 0.184903 0.574375 0.176011 0.585965 0.186698
0 0.557902 0.685000 0.554166 0.705517 0.543125 0.710278 0.533297 0.702133 0.528802 0.685000 0.531987 0.666701 0.543125 0.657024 0.553403 0.665969
0 0.739621 0.514167 0.734444 0.540887 0.721875 0.547157 0.708063 0.537058 0.704390 0.514167 0.708085 0.487426 0.721875 0.481848 0.735546 0.490894
0 0.452619 0.331667 0.447459 0.355583 0.435000 0.361338 0.423220 0.353729 0.416460 0.331667 0.421607 0.310103 0.435000 0.297112 0.447038 0.309463
0 0.669283 0.550000 0.665232 0.562661 0.653750 0.567696 0.642680 0.564239 0.639122 0.550000 0.643370 0.537429 0.653750 0.532736 0.664691 0.538298
0 0.651696 0.203333 0.647490 0.219483 0.633750 0.227241 0.619193 0.220236 0.616769 0.203333 0.621122 0.186163 0.633750 0.179901 0.647749 0.185276
0 0.367878 0.196667 0.360344 0.227957 0.341875 0.241976 0.324546 0.226586 0.319861 0.196667 0.325716 0.163996 0.341875 0.151345 0.358712 0.165314
0 0.662548 0.384167 0.656081 0.403646 0.645000 0.412085 0.633880 0.404369 0.630329 0.384167 0.633949 0.364603 0.645000 0.355840 0.657489 0.364035
0 0.513692 0.477500 0.507261 0.496129 0.495625 0.502097 0.483968 0.494401 0.479039 0.477500 0.484675 0.460209 0.495625 0.452560 0.507545 0.461078
0 0.625939 0.168333 0.622641 0.183671 0.609375 0.189998 0.595844 0.182957 0.589438 0.168333 0.596652 0.152007 0.609375 0.147618 0.621070 0.152278
0 0.501468 0.130833 0.495934 0.154428 0.478125 0.163456 0.461166 0.154316 0.451517 0.130833 0.462039 0.108716 0.478125 0.102507 0.496803 0.109922
0 0.666343 0.585000 0.663208 0.602749 0.651250 0.610763 0.639959 0.603294 0.633875 0.585000 0.640757 0.568293 0.651250 0.557541 0.662365 0.566174
0 0.616196 0.100000 0.611898 0.112195 0.601250 0.119004 0.590552 0.112215 0.585492 0.100000 0.591431 0.087225 0.601250 0.081641 0.612135 0.087518
0 0.690995 0.590833 0.686733 0.609978 0.665000 0.618691 0.645168 0.608399 0.633854 0.590833 0.645062 0.574030 0.665000 0.565631 0.685584 0.573349
0 0.740033 0.403333 0.733874 0.427725 0.720625 0.436247 0.707593 0.426681 0.700812 0.403333 0.707360 0.379334 0.720625 0.371643 0.734122 0.382857
0 0.335564 0.565000 0.326523 0.586710 0.309375 0.596662 0.291465 0.589907 0.285599 0.565000 0.289953 0.539096 0.309375 0.531153 0.326867 0.542074
0 0.330197 0.501667 0.325148 0.522674 0.312500 0.530734 0.300553 0.523771 0.294569 0.501667 0.299051 0.479622 0.312500 0.472571 0.323682 0.480203
0 0.689966 0.525000 0.685419 0.548686 0.674375 0.554422 0.663302 0.548705 0.656505 0.525000 0.662559 0.503180 0.674375 0.492504 0.685649 0.504801
0 0.527305 0.520833 0.524583 0.540535 0.512500 0.545525 0.500725 0.538287 0.496963 0.520833 0.501787 0.502922 0.512500 0.492613 0.525098 0.501361
0 0.601313 0.540000 0.596406 0.551031 0.585625 0.557405 0.575303 0.552694 0.568933 0.540000 0.574497 0.527785 0.585625 0.524459 0.596588 0.527838
0 0.611692 0.117500 0.607318 0.136865 0.596250 0.144620 0.583924 0.138529 0.580965 0.117500 0.584743 0.098615 0.596250 0.091451 0.607487 0.096467
0 0.380196 0.691667 0.374742 0.705429 0.361875 0.712554 0.349743 0.704418 0.346388 0.691667 0.349171 0.677316 0.361875 0.670118 0.373327 0.677708
0 0.451404 0.728139 0.443655 0.753034 0.426799 0.761145 0.410691 0.755768 0.404051 0.728139 0.410977 0.699864 0.426799 0.691563 0.444530 0.700308
0 0.410890 0.712431 0.404993 0.735985 0.390512 0.744681 0.374083 0.736991 0.369628 0.712431 0.376663 0.690234 0.390512 0.674838 0.406181 0.686525
0 0.477824 0.757671 0.473310 0.778667 0.456488 0.786700 0.441788 0.776861 0.436945 0.757671 0.441964 0.737472 0.456488 0.730928 0.473159 0.738329
