0 0.748347 0.368333 0.738533 0.398407 0.721250 0.412206 0.703911 0.394854 0.693771 0.368333 0.704102 0.338995 0.721250 0.327941 0.740830 0.340313
0 0.532645 0.350000 0.525907 0.366680 0.513125 0.371492 0.501502 0.364064 0.496413 0.350000 0.500856 0.335030 0.513125 0.327151 0.527204 0.334055
0 0.717478 0.227500 0.712166 0.248965 0.696250 0.255332 0.680576 0.249303 0.672182 0.227500 0.681784 0.207782 0.696250 0.196956 0.712673 0.207486
0 0.560468 0.493333 0.553909 0.512824 0.541875 0.525400 0.529196 0.512781 0.522342 0.493333 0.528274 0.471731 0.541875 0.465785 0.553564 0.472144
0 0.352832 0.410000 0.344586 0.434508 0.327500 0.447187 0.309611 0.436307 0.299331 0.410000 0.309824 0.386485 0.327500 0.374801 0.344935 0.387537
0 0.656778 0.247500 0.651424 0.272144 0.636250 0.278852 0.621337 0.273378 0.615829 0.247500 0.620470 0.223978 0.636250 0.215109 0.651179 0.225008
0 0.376187 0.460000 0.366656 0.483470 0.346875 0.498451 0.325819 0.484958 0.320052 0.460000 0.327262 0.437424 0.346875 0.427201 0.365224 0.437244
0 0.429450 0.682500 0.422480 0.699225 0.406875 0.708812 0.391598 0.699193 0.386818 0.682500 0.391087 0.663834 0.406875 0.660667 0.421162 0.664319
0 0.597133 0.212500 0.591790 0.235136 0.577500 0.248417 0.564653 0.237042 0.557152 0.212500 0.565061 0.188533 0.577500 0.178420 0.591176 0.189007
0 0.707229 0.587500 0.702823 0.612553 0.689375 0.625644 0.676174 0.615388 0.672409 0.587500 0.677784 0.558342 0.689375 0.549908 0.703255 0.561809
0 0.692955 0.181667 0.685184 0.214156 0.670000 0.227612 0.652865 0.216187 0.645370 0.181667 0.652499 0.147396 0.670000 0.127305 0.685453 0.146013
0 0.503319 0.312500 0.497694 0.339579 0.484375 0.348976 0.469114 0.341109 0.464612 0.312500 0.470084 0.286817 0.484375 0.274733 0.499844 0.282393
0 0.384204 0.591667 0.377123 0.611023 0.362500 0.619135 0.346945 0.613048 0.339270 0.591667 0.348640 0.570507 0.362500 0.559815 0.378093 0.570130
0 0.667602 0.445833 0.661583 0.462217 0.647500 0.470959 0.631852 0.462356 0.627915 0.445833 0.632671 0.427539 0.647500 0.422912 0.664021 0.427274
0 0.585577 0.620833 0.579894 0.639897 0.565625 0.650741 0.550919 0.641337 0.544387 0.620833 0.549258 0.602180 0.565625 0.595203 0.579658 0.601895
0 0.525819 0.255000 0.520764 0.277707 0.505000 0.282277 0.490479 0.274655 0.483373 0.255000 0.490608 0.232214 0.505000 0.222607 0.519492 0.233516
0 0.600929 0.490833 0.596269 0.513169 0.580625 0.524083 0.564522 0.511797 0.558955 0.490833 0.565724 0.467166 0.580625 0.459904 0.597329 0.470989
0 0.390964 0.225833 0.382880 0.247648 0.370000 0.259779 0.355051 0.249293 0.348433 0.225833 0.354451 0.203707 0.370000 0.190893 0.382974 0.204539
0 0.483114 0.260833 0.478800 0.280143 0.466250 0.288771 0.453074 0.279329 0.449888 0.260833 0.453489 0.242033 0.466250 0.230874 0.477766 0.242760
0 0.536095 0.200000 0.528017 0.222296 0.515000 0.227508 0.499963 0.222834 0.495493 0.200000 0.500358 0.180775 0.515000 0.169024 0.530335 0.177021
0 0.721222 0.438333 0.717058 0.460050 0.702500 0.473945 0.688517 0.460897 0.682412 0.438333 0.688710 0.415533 0.702500 0.406317 0.716803 0.416503
0 0.570283 0.184167 0.562837 0.208907 0.549375 0.223657 0.535596 0.210613 0.530766 0.184167 0.534634 0.155279 0.549375 0.145795 0.562767 0.160207
0 0.592296 0.343333 0.588068 0.362226 0.571250 0.373075 0.553781 0.364965 0.550631 0.343333 0.553899 0.322017 0.571250 0.317824 0.588293 0.324082
0 0.698238 0.275000 0.691256 0.297091 0.674375 0.309715 0.656869 0.298713 0.650124 0.275000 0.658288 0.249843 0.674375 0.238472 0.689779 0.252786
0 0.591582 0.140833 0.585556 0.165882 0.571875 0.175031 0.558657 0.168282 0.552909 0.140833 0.558748 0.114291 0.571875 0.104107 0.584477 0.112223
0 0.559067 0.666667 0.551733 0.695257 0.535625 0.704960 0.516980 0.692345 0.509564 0.666667 0.517645 0.638089 0.535625 0.629757 0.553115 0.638801
0 0.472868 0.715000 0.467340 0.734701 0.454375 0.739914 0.442353 0.733157 0.438810 0.715000 0.443012 0.696368 0.454375 0.685875 0.466407 0.695591
0 0.418040 0.563333 0.412737 0.578222 0.399375 0.586475 0.385349 0.580773 0.379100 0.563333 0.385197 0.545688 0.399375 0.538846 0.412730 0.547938
0 0.488093 0.453333 0.483719 0.474592 0.468750 0.486335 0.452388 0.477823 0.446232 0.453333 0.454540 0.432435 0.468750 0.424317 0.482420 0.432389
0 0.736020 0.284167 0.729749 0.308257 0.714375 0.315985 0.699542 0.306892 0.694313 0.284167 0.698938 0.261589 0.714375 0.248581 0.729558 0.261790
0 0.456940 0.485000 0.452081 0.499588 0.433750 0.504655 0.417146 0.501654 0.408580 0.485000 0.418608 0.469256 0.433750 0.462245 0.451613 0.469611
0 0.638785 0.615000 0.632075 0.634223 0.618750 0.639535 0.605872 0.634304 0.598542 0.615000 0.603903 0.596322 0.618750 0.588613 0.633049 0.595475
0 0.726038 0.175833 0.721051 0.194454 0.706250 0.201614 0.693300 0.194498 0.687614 0.175833 0.691248 0.157253 0.706250 0.151244 0.719973 0.158210
0 0.423668 0.235000 0.417869 0.256093 0.402500 0.265248 0.389599 0.255985 0.384405 0.235000 0.387197 0.210447 0.402500 0.200752 0.417487 0.211545
0 0.382531 0.504167 0.374594 0.529245 0.356250 0.542839 0.338943 0.531817 0.332246 0.504167 0.338905 0.474954 0.356250 0.467385 0.375098 0.476939
0 0.430771 0.506667 0.425326 0.530802 0.406250 0.542844 0.387579 0.532035 0.379499 0.506667 0.386884 0.482612 0.406250 0.469094 0.424422 0.481798
0 0.679609 0.320000 0.669073 0.339399 0.650625 0.344469 0.632372 0.337908 0.621688 0.320000 0.630734 0.303909 0.650625 0.295978 0.670863 0.302150
0 0.594212 0.723333 0.586324 0.745657 0.570000 0.757559 0.552048 0.744937 0.544679 0.723333 0.553567 0.700517 0.570000 0.693538 0.585802 0.702480
0 0.475126 0.225833 0.465988 0.244681 0.447500 0.251035 0.430379 0.244375 0.419530 0.225833 0.429126 0.207109 0.447500 0.199522 0.464323 0.206751
0 0.639743 0.179167 0.632205 0.197253 0.617500 0.206336 0.603717 0.196770 0.595710 0.179167 0.602364 0.162026 0.617500 0.154564 0.633638 0.161755
0 0.595366 0.443333 0.586809 0.467195 0.570000 0.473954 0.551090 0.464506 0.544570 0.443333 0.550621 0.421101 0.570000 0.413205 0.587065 0.421471
0 0.463012 0.370000 0.456128 0.388100 0.439375 0.396411 0.424113 0.386045 0.415541 0.370000 0.425156 0.353986 0.439375 0.343496 0.455389 0.353700
0 0.662965 0.500833 0.655163 0.525839 0.641875 0.533437 0.626036 0.526838 0.623078 0.500833 0.627986 0.473866 0.641875 0.463123 0.657606 0.477467
0 0.623117 0.132500 0.619143 0.163781 0.605000 0.171521 0.589980 0.162357 0.585724 0.132500 0.591076 0.101213 0.605000 0.089534 0.620088 0.105416
0 0.421377 0.638333 0.417180 0.654347 0.405000 0.663139 0.392343 0.657119 0.386041 0.638333 0.393167 0.619009 0.405000 0.614825 0.417835 0.621209
0 0.368763 0.267500 0.361124 0.288832 0.341875 0.296124 0.324170 0.286635 0.313733 0.267500 0.324286 0.246704 0.341875 0.237433 0.361318 0.249523
0 0.587102 0.302500 0.581280 0.321528 0.568125 0.329854 0.552862 0.319933 0.549470 0.302500 0.552774 0.283876 0.568125 0.275643 0.581433 0.284417
0 0.536667 0.305833 0.531820 0.325192 0.519375 0.333307 0.508030 0.324765 0.501508 0.305833 0.508412 0.286009 0.519375 0.280757 0.531892 0.287374
0 0.671915 0.645833 0.666771 0.662561 0.652500 0.669360 0.639494 0.662475 0.632199 0.645833 0.639702 0.628167 0.652500 0.623939 0.664651 0.629543
0 0.618225 0.706667 0.613859 0.728373 0.601875 0.732784 0.589762 0.726262 0.585913 0.706667 0.591922 0.687218 0.601875 0.680979 0.613335 0.688376
0 0.393049 0.655000 0.387207 0.676600 0.375625 0.682533 0.362179 0.676854 0.358873 0.655000 0.363510 0.635956 0.375625 0.629300 0.387671 0.635279
0 0.643143 0.568333 0.637983 0.585616 0.625000 0.594931 0.611289 0.586616 0.604789 0.568333 0.611845 0.549257 0.625000 0.542652 0.639564 0.550443
0 0.418205 0.450000 0.412743 0.467323 0.396250 0.475498 0.380925 0.465995 0.372281 0.450000 0.379691 0.432565 0.396250 0.424536 0.411179 0.434424
0 0.572947 0.556667 0.569305 0.581961 0.558750 0.594509 0.548798 0.582975 0.544430 0.556667 0.547329 0.530327 0.558750 0.519390 0.569238 0.533061
0 0.521757 0.508333 0.510968 0.531927 0.488125 0.540152 0.464758 0.529976 0.460551 0.508333 0.467172 0.487071 0.488125 0.476475 0.510959 0.485111
0 0.392688 0.547500 0.387951 0.564050 0.375000 0.573209 0.362444 0.564217 0.356918 0.547500 0.361623 0.530846 0.375000 0.521638 0.387761 0.530065
0 0.753383 0.206667 0.749294 0.241223 0.731250 0.251360 0.713414 0.239067 0.707504 0.206667 0.712955 0.176460 0.731250 0.159605 0.747316 0.176737
0 0.663763 0.116667 0.658843 0.156602 0.637500 0.168677 0.616446 0.149566 0.609871 0.116667 0.616916 0.078081 0.637500 0.063883 0.655331 0.078288
0 0.675187 0.605000 0.671248 0.619795 0.656250 0.628785 0.641150 0.619671 0.637441 0.605000 0.641832 0.590567 0.656250 0.581645 0.671045 0.590994
0 0.642011 0.675833 0.637778 0.702923 0.623750 0.715615 0.609442 0.703957 0.605385 0.675833 0.610909 0.649275 0.623750 0.634612 0.637389 0.649317
0 0.526029 0.159167 0.518222 0.175625 0.505625 0.185617 0.491845 0.175081 0.486479 0.159167 0.491986 0.142421 0.505625 0.135133 0.518296 0.140539
0 0.492801 0.675000 0.486311 0.693487 0.472500 0.704892 0.459379 0.695642 0.453922 0.675000 0.458932 0.656480 0.472500 0.644423 0.486441 0.654319
0 0.399223 0.420833 0.392299 0.436360 0.378125 0.444293 0.364201 0.437286 0.358157 0.420833 0.362835 0.404723 0.378125 0.397963 0.392798 0.405267
0 0.359335 0.553333 0.352832 0.572841 0.333750 0.580330 0.316509 0.571946 0.307142 0.553333 0.313424 0.532177 0.333750 0.525471 0.350472 0.535056
0 0.552096 0.555000 0.546438 0.581874 0.531250 0.592824 0.516115 0.581665 0.511581 0.555000 0.517067 0.529829 0.531250 0.521332 0.546364 0.530660
0 0.463803 0.309167 0.455443 0.327274 0.440000 0.334412 0.425520 0.327851 0.419404 0.309167 0.425447 0.291287 0.440000 0.285382 0.457119 0.292493
0 0.600651 0.674167 0.594671 0.691767 0.580625 0.697504 0.563949 0.692821 0.560235 0.674167 0.564231 0.657403 0.580625 0.648443 0.597219 0.655411
0 0.539085 0.726667 0.529613 0.756852 0.512500 0.766320 0.495167 0.753920 0.487985 0.726667 0.494455 0.698048 0.512500 0.689419 0.530826 0.696475
0 0.467884 0.618333 0.462502 0.637917 0.451250 0.649844 0.440318 0.638811 0.434725 0.618333 0.438858 0.595311 0.451250 0.587292 0.463026 0.595270
0 0.576393 0.391667 0.573016 0.411622 0.560625 0.416742 0.549577 0.410860 0.544349 0.391667 0.548000 0.372011 0.560625 0.362836 0.571505 0.372016
0 0.429516 0.288333 0.423414 0.304547 0.410625 0.311298 0.397405 0.304727 0.392395 0.288333 0.396982 0.271201 0.410625 0.267310 0.423864 0.273396
0 0.503333 0.405000 0.497636 0.422251 0.486875 0.431468 0.475843 0.423390 0.468633 0.405000 0.475767 0.384825 0.486875 0.380862 0.498519 0.386980
0 0.709455 0.336667 0.703545 0.354673 0.690000 0.360942 0.674288 0.354943 0.670483 0.336667 0.675664 0.320432 0.690000 0.314079 0.706124 0.317302
0 0.533074 0.398333 0.527882 0.419546 0.516875 0.425121 0.506851 0.417620 0.499768 0.398333 0.505997 0.378410 0.516875 0.370396 0.528039 0.379520
0 0.608805 0.397500 0.603216 0.416720 0.590000 0.425784 0.577778 0.420034 0.572350 0.397500 0.576906 0.375816 0.590000 0.370223 0.602929 0.375279
0 0.513301 0.570000 0.508606 0.597428 0.496250 0.609800 0.482424 0.599526 0.477010 0.570000 0.482101 0.539842 0.496250 0.529815 0.508537 0.539684
0 0.294551 0.482500 0.285988 0.502372 0.271875 0.509390 0.257749 0.503099 0.251058 0.482500 0.255918 0.463164 0.271875 0.453414 0.287807 0.464228
0 0.678238 0.560833 0.671589 0.578717 0.658125 0.586412 0.642750 0.580800 0.639483 0.560833 0.642996 0.541721 0.658125 0.531005 0.673919 0.543051
0 0.525528 0.647500 0.520752 0.668350 0.505625 0.674264 0.491031 0.669166 0.483960 0.647500 0.489405 0.626376 0.505625 0.616423 0.522440 0.627845
0 0.554030 0.261667 0.546508 0.279153 0.535625 0.290188 0.524867 0.280717 0.519747 0.261667 0.523067 0.242794 0.535625 0.233083 0.546477 0.243094
0 0.747637 0.560000 0.738723 0.584925 0.722500 0.593396 0.706077 0.585840 0.700176 0.560000 0.706656 0.536218 0.722500 0.526539 0.738949 0.535475
0 0.790568 0.325000 0.784038 0.360760 0.760625 0.377091 0.737809 0.362927 0.729677 0.325000 0.740136 0.290615 0.760625 0.274986 0.782954 0.286814
0 0.419260 0.361667 0.414061 0.380833 0.401875 0.391004 0.390226 0.381235 0.386421 0.361667 0.389977 0.341170 0.401875 0.335685 0.413522 0.340389
0 0.349326 0.610000 0.343032 0.632865 0.330625 0.638601 0.318283 0.632460 0.312307 0.610000 0.315679 0.589556 0.330625 0.580285 0.343589 0.587394
0 0.551612 0.344167 0.547839 0.362652 0.539375 0.369700 0.529239 0.362283 0.526282 0.344167 0.529400 0.324037 0.539375 0.316500 0.549159 0.326076
0 0.651654 0.411667 0.647243 0.428043 0.631875 0.437033 0.617795 0.427688 0.610271 0.411667 0.616612 0.393346 0.631875 0.387861 0.648751 0.395198
0 0.686308 0.701667 0.682795 0.721000 0.666875 0.733774 0.651375 0.724209 0.647405 0.701667 0.652572 0.681881 0.666875 0.669105 0.681516 0.681778
0 0.445537 0.587500 0.442179 0.606031 0.428750 0.616525 0.417334 0.605688 0.411939 0.587500 0.416188 0.568885 0.428750 0.560631 0.441202 0.567458
0 0.629306 0.291667 0.622322 0.308843 0.608750 0.316240 0.594892 0.309808 0.588616 0.291667 0.595473 0.275539 0.608750 0.267488 0.621249 0.275282
0 0.652697 0.368333 0.647665 0.386465 0.635000 0.394301 0.622175 0.386384 0.619143 0.368333 0.621720 0.350944 0.635000 0.340947 0.647359 0.351508
0 0.631046 0.340000 0.626112 0.357594 0.610625 0.364060 0.597290 0.356532 0.590517 0.340000 0.597316 0.321296 0.610625 0.313393 0.625320 0.322821
0 0.721997 0.517500 0.716708 0.543601 0.704375 0.550007 0.689510 0.541698 0.684396 0.517500 0.689905 0.495523 0.704375 0.480019 0.717873 0.495100
0 0.753726 0.590833 0.750259 0.609568 0.737500 0.614800 0.724161 0.608637 0.720907 0.590833 0.725720 0.573812 0.737500 0.566063 0.749871 0.575067
0 0.308854 0.524167 0.301646 0.543729 0.285625 0.553154 0.269268 0.543078 0.264286 0.524167 0.268632 0.504995 0.285625 0.496759 0.302327 0.501828
0 0.482382 0.543333 0.471445 0.562291 0.451875 0.569496 0.433706 0.563317 0.425589 0.543333 0.433316 0.523994 0.451875 0.514105 0.471858 0.522893
0 0.488045 0.628333 0.483822 0.647039 0.473125 0.653998 0.462026 0.644697 0.457742 0.628333 0.462706 0.610023 0.473125 0.605618 0.483546 0.612244
0 0.320498 0.440000 0.315726 0.458607 0.300000 0.462793 0.284424 0.458154 0.278498 0.440000 0.284458 0.423044 0.300000 0.415386 0.316241 0.422479
0 0.616363 0.231667 0.612344 0.250275 0.598125 0.254292 0.585192 0.250443 0.577850 0.231667 0.584667 0.215121 0.598125 0.204667 0.611639 0.213193
0 0.770284 0.438333 0.762970 0.463545 0.743750 0.477245 0.724523 0.465677 0.717327 0.438333 0.725109 0.414182 0.743750 0.403798 0.763577 0.411314
0 0.419128 0.168333 0.414387 0.192895 0.395625 0.202127 0.377518 0.196637 0.373642 0.168333 0.379738 0.142600 0.395625 0.128206 0.414246 0.140087
0 0.452735 0.142500 0.446046 0.159429 0.434375 0.165959 0.420705 0.159797 0.415714 0.142500 0.421053 0.127966 0.434375 0.117953 0.447370 0.126928
0 0.608285 0.572500 0.603833 0.594632 0.590625 0.603893 0.578145 0.597263 0.571942 0.572500 0.577618 0.548546 0.590625 0.537434 0.604632 0.549999
0 0.636316 0.737500 0.633490 0.755930 0.620625 0.761697 0.609320 0.756165 0.604591 0.737500 0.607605 0.721314 0.620625 0.715234 0.631937 0.720048
0 0.471690 0.406667 0.467065 0.424049 0.456250 0.431168 0.444414 0.423576 0.440528 0.406667 0.444486 0.388550 0.456250 0.381587 0.467911 0.389716
0 0.469071 0.364167 0.460896 0.384835 0.443125 0.393894 0.424869 0.384240 0.415180 0.364167 0.426002 0.343577 0.443125 0.332666 0.459973 0.340690
0 0.700692 0.395000 0.695035 0.422095 0.681250 0.432140 0.666001 0.420224 0.662930 0.395000 0.665717 0.366574 0.681250 0.361359 0.696570 0.369169
0 0.448985 0.268333 0.444446 0.281989 0.431250 0.288444 0.418791 0.282692 0.413164 0.268333 0.417615 0.255543 0.431250 0.248176 0.443569 0.255568
0 0.696010 0.481667 0.690028 0.506250 0.676250 0.515105 0.662385 0.506077 0.656399 0.481667 0.662342 0.459352 0.676250 0.451588 0.690051 0.459575
0 0.391343 0.339167 0.378838 0.373214 0.355625 0.382098 0.330690 0.371765 0.324185 0.339167 0.331879 0.303857 0.355625 0.291303 0.379892 0.305893
0 0.426413 0.602500 0.423205 0.617986 0.411250 0.626257 0.400424 0.618119 0.396495 0.602500 0.400780 0.587650 0.411250 0.580978 0.423692 0.585331
1 0.336337 0.345000 0.324869 0.376510 0.298125 0.390453 0.272680 0.379812 0.259340 0.345000 0.268819 0.314176 0.298125 0.296668 0.324734 0.311162
0 0.800367 0.439167 0.794232 0.457469 0.780625 0.466981 0.766586 0.457638 0.760680 0.439167 0.766593 0.422557 0.780625 0.413986 0.793387 0.419907
0 0.326711 0.479167 0.321020 0.492406 0.307500 0.497554 0.293674 0.492092 0.289434 0.479167 0.294709 0.464976 0.307500 0.461278 0.321629 0.466511
0 0.436936 0.420833 0.431479 0.440143 0.418750 0.448964 0.403481 0.437960 0.397465 0.420833 0.405749 0.402191 0.418750 0.394551 0.432745 0.403036
0 0.380126 0.155000 0.371883 0.178280 0.357500 0.185535 0.342749 0.174634 0.332894 0.155000 0.341474 0.135803 0.357500 0.122811 0.374637 0.135000
0 0.483817 0.576667 0.481307 0.593876 0.469375 0.604135 0.459331 0.592806 0.453789 0.576667 0.457289 0.558569 0.469375 0.552047 0.481392 0.557369
0 0.397711 0.606667 0.392838 0.624383 0.383125 0.628299 0.372081 0.624593 0.367717 0.606667 0.373207 0.589745 0.383125 0.581906 0.392501 0.591308
0 0.452807 0.447500 0.449910 0.462783 0.436875 0.468275 0.424228 0.460802 0.418782 0.447500 0.425211 0.432453 0.436875 0.424655 0.448647 0.431866
0 0.661186 0.491667 0.657605 0.509198 0.643125 0.518240 0.630448 0.512190 0.623199 0.491667 0.629097 0.474502 0.643125 0.465947 0.657620 0.474477
0 0.456584 0.657500 0.452125 0.688298 0.438750 0.704282 0.424854 0.687985 0.421102 0.657500 0.424195 0.627584 0.438750 0.610807 0.452477 0.624921
0 0.387968 0.345000 0.380057 0.375407 0.361250 0.383315 0.340404 0.375990 0.331950 0.345000 0.340428 0.317562 0.361250 0.302006 0.381310 0.314561
0 0.625126 0.499167 0.621007 0.521790 0.608750 0.530271 0.596694 0.519941 0.591210 0.499167 0.598305 0.477286 0.608750 0.470010 0.620180 0.480354
0 0.327370 0.470000 0.318850 0.490485 0.304375 0.498046 0.288049 0.491917 0.282270 0.470000 0.287380 0.449358 0.304375 0.442500 0.318816 0.446747
0 0.480643 0.113333 0.472224 0.135942 0.459375 0.142339 0.446496 0.132931 0.439011 0.113333 0.445338 0.093909 0.459375 0.085873 0.474375 0.094226
0 0.517614 0.598333 0.511088 0.614294 0.497500 0.618711 0.483553 0.613018 0.476373 0.598333 0.481744 0.583108 0.497500 0.578537 0.512818 0.583877
0 0.785328 0.570000 0.779874 0.584553 0.766875 0.589958 0.753816 0.585603 0.749641 0.570000 0.754416 0.553195 0.766875 0.546712 0.780229 0.553414
0 0.487538 0.173333 0.483419 0.197029 0.468750 0.203502 0.455978 0.197740 0.449512 0.173333 0.454948 0.151820 0.468750 0.143549 0.484190 0.150670
0 0.678461 0.357500 0.672538 0.369894 0.662500 0.376512 0.651906 0.369436 0.648978 0.357500 0.651598 0.345882 0.662500 0.339291 0.673565 0.346282
0 0.325397 0.275000 0.320586 0.290095 0.307500 0.300225 0.293951 0.290972 0.289384 0.275000 0.294474 0.258690 0.307500 0.250938 0.319001 0.257365
0 0.359650 0.664167 0.351532 0.684152 0.332500 0.693379 0.313805 0.684022 0.307680 0.664167 0.315678 0.644967 0.332500 0.636256 0.350807 0.645169
0 0.610288 0.560833 0.605970 0.590133 0.590625 0.608232 0.576879 0.592889 0.569330 0.560833 0.575999 0.528873 0.590625 0.513735 0.605796 0.529459
0 0.538292 0.620000 0.534072 0.637401 0.518750 0.646471 0.505674 0.637160 0.498721 0.620000 0.504386 0.602186 0.518750 0.592971 0.532001 0.600952
0 0.612195 0.267500 0.607597 0.283124 0.595000 0.290232 0.582053 0.280761 0.574455 0.267500 0.582567 0.251381 0.595000 0.245003 0.608894 0.253941
0 0.441952 0.718333 0.436775 0.735570 0.421875 0.742483 0.409156 0.736116 0.402741 0.718333 0.408698 0.699617 0.421875 0.691338 0.434506 0.701150
0 0.424971 0.175000 0.420074 0.195914 0.410625 0.209777 0.399754 0.197116 0.396281 0.175000 0.399556 0.151754 0.410625 0.144265 0.421777 0.151824
0 0.574439 0.764167 0.570479 0.785526 0.557500 0.796718 0.545272 0.788693 0.536903 0.764167 0.545222 0.739473 0.557500 0.730722 0.571652 0.740681
0 0.545412 0.450000 0.540312 0.472782 0.528750 0.478589 0.515537 0.471480 0.512505 0.450000 0.517481 0.427013 0.528750 0.418752 0.540449 0.429120
0 0.785320 0.519167 0.774984 0.547348 0.756875 0.559092 0.736614 0.544512 0.731602 0.519167 0.736574 0.493788 0.756875 0.482417 0.774482 0.490035
0 0.492519 0.370833 0.488862 0.385714 0.478125 0.391603 0.466647 0.386181 0.462480 0.370833 0.467088 0.353976 0.478125 0.349583 0.488429 0.355364
0 0.499811 0.709167 0.495699 0.733563 0.485625 0.745655 0.474896 0.731104 0.471082 0.709167 0.475659 0.687234 0.485625 0.677164 0.495587 0.682922
0 0.500026 0.135000 0.494360 0.153665 0.482500 0.162383 0.470670 0.155529 0.467815 0.135000 0.471297 0.117786 0.482500 0.106499 0.494738 0.115527
0 0.564144 0.292500 0.560203 0.310828 0.550000 0.317902 0.539704 0.310953 0.534572 0.292500 0.539992 0.274715 0.550000 0.264572 0.559880 0.275571
0 0.695275 0.517500 0.689794 0.535513 0.675000 0.541217 0.661554 0.535464 0.654377 0.517500 0.660005 0.499589 0.675000 0.492407 0.688125 0.499688
0 0.785433 0.504167 0.775773 0.527694 0.754375 0.537233 0.731116 0.531214 0.726077 0.504167 0.734646 0.479432 0.754375 0.465753 0.776242 0.476900
0 0.524220 0.724167 0.516776 0.753549 0.505000 0.766852 0.492355 0.755359 0.488258 0.724167 0.493231 0.692803 0.505000 0.679626 0.518487 0.693547
0 0.556453 0.420000 0.547370 0.451642 0.533750 0.465855 0.517519 0.453644 0.513827 0.420000 0.518552 0.383924 0.533750 0.370676 0.548188 0.389099
0 0.751751 0.300000 0.744986 0.321564 0.733125 0.330907 0.720044 0.318635 0.716606 0.300000 0.720985 0.281224 0.733125 0.268870 0.745330 0.280738
0 0.511443 0.448333 0.509728 0.463406 0.500625 0.470257 0.492270 0.463352 0.489317 0.448333 0.491746 0.431411 0.500625 0.425412 0.508930 0.430875
0 0.500889 0.205833 0.495721 0.220471 0.485625 0.227269 0.475156 0.220988 0.469702 0.205833 0.475219 0.191876 0.485625 0.183792 0.497527 0.191979
0 0.620866 0.375833 0.617617 0.390098 0.606875 0.397373 0.596503 0.391538 0.592155 0.375833 0.597667 0.360731 0.606875 0.355368 0.617677 0.360814
0 0.397626 0.270000 0.393875 0.283906 0.383750 0.288316 0.373245 0.282277 0.370165 0.270000 0.373939 0.257576 0.383750 0.250954 0.392701 0.258122
0 0.784854 0.529167 0.776588 0.550546 0.761250 0.560926 0.744233 0.548948 0.738420 0.529167 0.744806 0.507385 0.761250 0.500076 0.778447 0.507050
0 0.672025 0.635000 0.669117 0.659557 0.653750 0.666601 0.640079 0.662209 0.634181 0.635000 0.639278 0.611808 0.653750 0.597065 0.667318 0.610301
0 0.320107 0.588333 0.313395 0.614306 0.297500 0.629148 0.280817 0.613870 0.274856 0.588333 0.282146 0.562267 0.297500 0.548940 0.313455 0.563121
0 0.554925 0.412500 0.549099 0.440999 0.536875 0.450224 0.523996 0.438312 0.518026 0.412500 0.523121 0.384850 0.536875 0.371959 0.549557 0.385114
0 0.471051 0.360000 0.467029 0.378322 0.457500 0.387317 0.447551 0.378364 0.443079 0.360000 0.448658 0.338641 0.457500 0.334365 0.467123 0.341357
0 0.788611 0.313333 0.781212 0.342662 0.765625 0.349905 0.746903 0.341042 0.741459 0.313333 0.748269 0.284969 0.765625 0.275831 0.782256 0.284898
0 0.458543 0.673333 0.453435 0.692815 0.441250 0.701720 0.429110 0.692280 0.422570 0.673333 0.428041 0.655204 0.441250 0.647582 0.454075 0.652812
0 0.335601 0.203333 0.329530 0.228808 0.318125 0.234465 0.306287 0.225790 0.300843 0.203333 0.305895 0.180796 0.318125 0.173017 0.330169 0.180127
0 0.469916 0.363333 0.465632 0.387174 0.453750 0.395296 0.440382 0.385502 0.437020 0.363333 0.441492 0.341837 0.453750 0.330368 0.465182 0.341264
0 0.606527 0.541667 0.598902 0.562348 0.587500 0.569034 0.575110 0.564197 0.568783 0.541667 0.576056 0.522394 0.587500 0.508686 0.599359 0.522093
0 0.694194 0.496667 0.690502 0.529663 0.675625 0.544766 0.662430 0.526585 0.655812 0.496667 0.660428 0.465109 0.675625 0.451699 0.691306 0.461038
0 0.366857 0.205000 0.363052 0.227095 0.348750 0.238045 0.335102 0.226750 0.329080 0.205000 0.334427 0.181716 0.348750 0.173443 0.360723 0.182659
0 0.644787 0.558333 0.638006 0.578992 0.624375 0.589118 0.610249 0.577582 0.604364 0.558333 0.609309 0.539221 0.624375 0.532183 0.640170 0.538243
0 0.519455 0.590000 0.510269 0.612068 0.497500 0.619412 0.483298 0.610510 0.479418 0.590000 0.482444 0.568081 0.497500 0.557986 0.512146 0.567207
0 0.331731 0.523333 0.323472 0.540445 0.311250 0.548406 0.296888 0.541652 0.294298 0.523333 0.298152 0.503947 0.311250 0.495070 0.325609 0.504727
0 0.616867 0.245833 0.611985 0.275109 0.597500 0.289520 0.583654 0.273263 0.575308 0.245833 0.582021 0.216488 0.597500 0.208936 0.611143 0.216416
0 0.700118 0.660000 0.695324 0.684521 0.683750 0.694281 0.671854 0.682709 0.667346 0.660000 0.671804 0.633252 0.683750 0.625286 0.694927 0.633113
0 0.500649 0.123333 0.491586 0.146335 0.475000 0.156976 0.458871 0.144471 0.451148 0.123333 0.456876 0.102068 0.475000 0.089588 0.491009 0.100880
0 0.556475 0.405833 0.551146 0.429010 0.539375 0.437997 0.528084 0.427407 0.524186 0.405833 0.529290 0.382505 0.539375 0.374332 0.550091 0.384755
0 0.451987 0.641667 0.447220 0.663158 0.436875 0.671278 0.426874 0.662810 0.420330 0.641667 0.424901 0.622495 0.436875 0.610913 0.447176 0.621595
0 0.516927 0.197500 0.509927 0.216063 0.493125 0.224405 0.478855 0.217673 0.471622 0.197500 0.476894 0.177277 0.493125 0.170561 0.507208 0.178446
0 0.443043 0.341667 0.436995 0.356935 0.422500 0.363181 0.406960 0.358065 0.401832 0.341667 0.407796 0.325096 0.422500 0.320780 0.438096 0.325841
0 0.482908 0.575000 0.478094 0.591137 0.459375 0.596649 0.443194 0.591260 0.434930 0.575000 0.442226 0.559601 0.459375 0.552618 0.477891 0.558488
0 0.679610 0.385833 0.674121 0.405478 0.661875 0.413822 0.651070 0.405696 0.643948 0.385833 0.650384 0.367024 0.661875 0.354544 0.672832 0.366038
0 0.420725 0.557500 0.413696 0.576753 0.394375 0.585439 0.376891 0.574670 0.368836 0.557500 0.375467 0.539724 0.394375 0.530850 0.413260 0.537628
0 0.511900 0.710833 0.504459 0.735548 0.491250 0.749719 0.476241 0.737437 0.471324 0.710833 0.477676 0.685258 0.491250 0.675778 0.504697 0.684121
0 0.382764 0.392500 0.378224 0.401218 0.366250 0.405063 0.355041 0.401543 0.347592 0.392500 0.353450 0.383960 0.366250 0.378809 0.378014 0.384509
0 0.366790 0.636667 0.360433 0.651178 0.348750 0.657364 0.336960 0.651106 0.332109 0.636667 0.336653 0.623860 0.348750 0.615961 0.361184 0.622050
0 0.481101 0.557500 0.471620 0.579296 0.452500 0.594120 0.430624 0.581700 0.423385 0.557500 0.431544 0.530978 0.452500 0.521277 0.475237 0.533808
0 0.540622 0.730833 0.536478 0.754262 0.521875 0.761758 0.507825 0.751878 0.503543 0.730833 0.509030 0.708530 0.521875 0.698845 0.536155 0.708507
0 0.539636 0.767500 0.537134 0.789851 0.524375 0.796608 0.512486 0.789380 0.507382 0.767500 0.511550 0.745767 0.524375 0.735201 0.535908 0.747704
0 0.605070 0.554167 0.599178 0.582426 0.585000 0.592727 0.570663 0.584746 0.565663 0.554167 0.569945 0.522754 0.585000 0.514473 0.599419 0.525888
0 0.362883 0.660833 0.353877 0.681656 0.340000 0.689450 0.326284 0.682673 0.317510 0.660833 0.326103 0.641757 0.340000 0.634019 0.354517 0.641635
0 0.621515 0.505000 0.617106 0.531820 0.605625 0.540808 0.594424 0.530847 0.589627 0.505000 0.595186 0.480306 0.605625 0.470140 0.616808 0.480047
0 0.630142 0.350833 0.624491 0.373734 0.610625 0.388886 0.597295 0.378567 0.592339 0.350833 0.597098 0.324653 0.610625 0.313192 0.624346 0.324829
0 0.789361 0.481667 0.784123 0.495722 0.770625 0.500872 0.756398 0.495554 0.749616 0.481667 0.755398 0.469383 0.770625 0.463534 0.784867 0.468308
0 0.506543 0.202500 0.500954 0.217426 0.489375 0.227226 0.479127 0.218257 0.473332 0.202500 0.477990 0.186782 0.489375 0.179244 0.499374 0.185632
0 0.453208 0.334167 0.448213 0.347959 0.436250 0.352111 0.422315 0.347900 0.415720 0.334167 0.422644 0.321099 0.436250 0.315901 0.449645 0.320282
0 0.480916 0.622500 0.475876 0.643755 0.460000 0.654638 0.445765 0.643637 0.437255 0.622500 0.443791 0.601795 0.460000 0.593539 0.476524 0.599564
0 0.594559 0.710000 0.589374 0.725916 0.576250 0.733460 0.563855 0.725952 0.559078 0.710000 0.563805 0.694636 0.576250 0.688916 0.588935 0.694368
0 0.538227 0.640000 0.529585 0.664961 0.511875 0.675548 0.492730 0.666971 0.486346 0.640000 0.493620 0.611467 0.511875 0.599184 0.529475 0.613935
0 0.432917 0.282500 0.426922 0.301486 0.413750 0.310710 0.399883 0.301361 0.396579 0.282500 0.399584 0.265579 0.413750 0.254342 0.426051 0.263369
0 0.498520 0.143333 0.492968 0.169314 0.481250 0.181782 0.467988 0.168222 0.462408 0.143333 0.468932 0.120700 0.481250 0.109305 0.492810 0.119657
0 0.422333 0.400833 0.418336 0.412483 0.406875 0.416920 0.396256 0.411402 0.390543 0.400833 0.396430 0.390282 0.406875 0.385305 0.418235 0.389479
0 0.644416 0.548333 0.639242 0.560608 0.623750 0.566538 0.608576 0.561489 0.602967 0.548333 0.610044 0.535487 0.623750 0.530665 0.638179 0.534764
0 0.595793 0.702500 0.590266 0.711788 0.579375 0.715769 0.567369 0.712190 0.562281 0.702500 0.569216 0.692369 0.579375 0.689287 0.590213 0.693259
0 0.499860 0.153333 0.493073 0.177141 0.475625 0.191091 0.460646 0.176698 0.453944 0.153333 0.458859 0.129689 0.475625 0.116761 0.491486 0.129374
0 0.732547 0.668333 0.725890 0.692125 0.713125 0.700921 0.700584 0.688524 0.693983 0.668333 0.700268 0.643967 0.713125 0.637235 0.727072 0.644264
0 0.450427 0.516667 0.443224 0.534445 0.425000 0.543798 0.406906 0.535351 0.401106 0.516667 0.405966 0.500082 0.425000 0.491461 0.442243 0.498061
0 0.702881 0.385833 0.698896 0.407514 0.686250 0.413155 0.674413 0.405838 0.667318 0.385833 0.672775 0.364336 0.686250 0.356309 0.699305 0.364747
0 0.785060 0.337500 0.775420 0.365751 0.756875 0.382061 0.737456 0.363959 0.729258 0.337500 0.740362 0.309632 0.756875 0.298601 0.776326 0.309884
0 0.785784 0.250000 0.781622 0.266701 0.769375 0.273126 0.757658 0.264335 0.752852 0.250000 0.757667 0.234233 0.769375 0.227096 0.782051 0.234562
0 0.677047 0.370000 0.672211 0.393513 0.661875 0.402131 0.649921 0.391837 0.646670 0.370000 0.651528 0.346888 0.661875 0.338657 0.673024 0.346568
0 0.450706 0.340000 0.443530 0.353508 0.429375 0.358250 0.415142 0.351870 0.410405 0.340000 0.413828 0.326525 0.429375 0.321010 0.444688 0.327082
0 0.374733 0.329167 0.369457 0.358166 0.349375 0.367562 0.332249 0.357342 0.323107 0.329167 0.328602 0.301781 0.349375 0.293726 0.366827 0.304954
0 0.328459 0.523333 0.320521 0.541973 0.303750 0.551623 0.286714 0.542778 0.279776 0.523333 0.286101 0.503174 0.303750 0.495471 0.320769 0.501843
0 0.668036 0.124167 0.660249 0.158716 0.643125 0.168973 0.627740 0.153884 0.618594 0.124167 0.626962 0.092107 0.643125 0.080811 0.658169 0.092187
0 0.792312 0.488333 0.784715 0.505149 0.762500 0.514859 0.741554 0.505618 0.735511 0.488333 0.744015 0.471434 0.762500 0.461604 0.784812 0.470137
0 0.754788 0.578333 0.749305 0.604627 0.736875 0.615854 0.724945 0.606503 0.717814 0.578333 0.723841 0.550008 0.736875 0.544703 0.750262 0.553955
0 0.584795 0.345000 0.575772 0.364155 0.558750 0.374619 0.541271 0.366584 0.533230 0.345000 0.541213 0.324880 0.558750 0.315129 0.575625 0.323058
0 0.601596 0.691667 0.593304 0.706789 0.580000 0.711333 0.565672 0.706134 0.560394 0.691667 0.566508 0.676534 0.580000 0.672760 0.594548 0.678529
0 0.782831 0.426667 0.774409 0.461117 0.750625 0.473478 0.726470 0.463414 0.713588 0.426667 0.724238 0.391305 0.750625 0.380469 0.775883 0.395730
0 0.438500 0.344167 0.431593 0.362942 0.416250 0.368561 0.400500 0.364007 0.397012 0.344167 0.401332 0.326787 0.416250 0.320502 0.430446 0.324778
0 0.608614 0.535833 0.603405 0.552494 0.590625 0.562499 0.576522 0.552623 0.570900 0.535833 0.577105 0.516257 0.590625 0.511072 0.604933 0.516332
1 0.549375 0.084093 0.537342 0.122056 0.511153 0.139557 0.488334 0.119920 0.479625 0.084093 0.488665 0.044854 0.511153 0.027684 0.536310 0.047577
