1 0.406098 0.411667 0.392398 0.442663 0.361875 0.457267 0.334799 0.443918 0.321276 0.411667 0.334692 0.378695 0.361875 0.365371 0.389111 0.381171
0 0.604775 0.735000 0.594163 0.757287 0.578750 0.764312 0.562746 0.756112 0.553768 0.735000 0.561259 0.715404 0.578750 0.705493 0.596191 0.714915
0 0.707353 0.563333 0.701614 0.583737 0.683125 0.592379 0.665778 0.584314 0.659019 0.563333 0.663990 0.541850 0.683125 0.531312 0.702036 0.540131
0 0.408490 0.612500 0.401645 0.632305 0.384375 0.638017 0.366640 0.633030 0.362967 0.612500 0.368821 0.592368 0.384375 0.583014 0.402339 0.593276
0 0.722318 0.388333 0.715356 0.405617 0.697500 0.417354 0.678176 0.408100 0.672447 0.388333 0.681538 0.369374 0.697500 0.362597 0.715293 0.370209
0 0.566419 0.738333 0.559659 0.759656 0.542500 0.768297 0.524374 0.761076 0.519808 0.738333 0.526392 0.714039 0.542500 0.706328 0.557991 0.716378
0 0.718282 0.325833 0.714013 0.346259 0.695000 0.358339 0.676550 0.346756 0.669276 0.325833 0.678137 0.305560 0.695000 0.292943 0.713837 0.302141
0 0.447063 0.425000 0.438055 0.445437 0.423125 0.455726 0.406353 0.446088 0.400799 0.425000 0.406905 0.403720 0.423125 0.396829 0.440033 0.404954
0 0.559749 0.428333 0.553013 0.444343 0.537500 0.452802 0.521684 0.447267 0.515063 0.428333 0.523048 0.411784 0.537500 0.402287 0.552581 0.411086
0 0.629573 0.407500 0.623060 0.425122 0.610625 0.435728 0.596257 0.427315 0.591759 0.407500 0.596316 0.386684 0.610625 0.377868 0.623669 0.388659
0 0.602867 0.389167 0.598716 0.409505 0.582500 0.420520 0.568738 0.409215 0.561990 0.389167 0.567516 0.369438 0.582500 0.362223 0.598033 0.367912
0 0.706400 0.270000 0.699977 0.288314 0.684375 0.298744 0.668772 0.289180 0.663413 0.270000 0.667993 0.249384 0.684375 0.242308 0.699170 0.251476
0 0.462198 0.385000 0.456230 0.403959 0.441875 0.410595 0.427348 0.403031 0.418587 0.385000 0.426188 0.367323 0.441875 0.360668 0.457897 0.366764
0 0.581680 0.343333 0.575059 0.358647 0.558125 0.368547 0.540937 0.359853 0.536966 0.343333 0.540472 0.326853 0.558125 0.320753 0.573163 0.327610
0 0.482780 0.248333 0.478849 0.271973 0.466875 0.281472 0.454985 0.271637 0.450830 0.248333 0.453947 0.227893 0.466875 0.219471 0.478188 0.226511
0 0.484932 0.495000 0.478881 0.519408 0.464375 0.526400 0.451587 0.517591 0.444995 0.495000 0.450387 0.471912 0.464375 0.463048 0.478852 0.473933
0 0.523188 0.449167 0.517498 0.468442 0.503125 0.473999 0.489256 0.468177 0.483308 0.449167 0.488451 0.428827 0.503125 0.422337 0.516736 0.430424
0 0.599174 0.450833 0.594867 0.474770 0.573750 0.489952 0.553540 0.479462 0.543686 0.450833 0.554741 0.423939 0.573750 0.411825 0.594691 0.425117
0 0.597752 0.625000 0.592381 0.647328 0.576875 0.658311 0.562629 0.650107 0.554353 0.625000 0.562451 0.602730 0.576875 0.589377 0.591203 0.601591
0 0.761206 0.371667 0.751957 0.392577 0.735625 0.398116 0.719487 0.392024 0.708880 0.371667 0.717449 0.352745 0.735625 0.340531 0.751599 0.351196
0 0.587829 0.686667 0.582023 0.704151 0.567500 0.714702 0.553422 0.705691 0.544275 0.686667 0.552098 0.666124 0.567500 0.657520 0.582331 0.668457
0 0.422956 0.558333 0.413218 0.580418 0.398750 0.591127 0.381808 0.582077 0.378430 0.558333 0.383766 0.533926 0.398750 0.529810 0.414033 0.537623
0 0.511285 0.295833 0.502897 0.319421 0.489375 0.326096 0.474399 0.318192 0.467557 0.295833 0.475623 0.271899 0.489375 0.267446 0.502991 0.275648
0 0.681130 0.586667 0.676964 0.608815 0.664375 0.618630 0.652802 0.605813 0.646026 0.586667 0.652223 0.567367 0.664375 0.555256 0.676193 0.563995
0 0.753848 0.419167 0.744284 0.436242 0.721875 0.443441 0.701937 0.435676 0.693040 0.419167 0.703076 0.402033 0.721875 0.395358 0.740917 0.399968
0 0.633149 0.655000 0.628066 0.672356 0.613750 0.679965 0.599524 0.672632 0.592422 0.655000 0.598293 0.635812 0.613750 0.630073 0.627523 0.636139
0 0.356891 0.520833 0.349970 0.535274 0.334375 0.541793 0.318985 0.534151 0.312208 0.520833 0.318917 0.505353 0.334375 0.500817 0.348705 0.506121
0 0.507178 0.648333 0.501851 0.664298 0.488125 0.671526 0.472275 0.664535 0.465966 0.648333 0.473366 0.629803 0.488125 0.621652 0.504158 0.629454
0 0.556572 0.658333 0.550615 0.680331 0.532500 0.690117 0.516133 0.677501 0.508152 0.658333 0.515244 0.636804 0.532500 0.630048 0.548818 0.638666
0 0.606756 0.312500 0.602426 0.331389 0.585000 0.342099 0.568036 0.333715 0.564031 0.312500 0.568328 0.292800 0.585000 0.287400 0.600778 0.293253
0 0.569442 0.490833 0.562423 0.512305 0.548750 0.520781 0.533494 0.510068 0.528507 0.490833 0.536009 0.471107 0.548750 0.463081 0.562266 0.470044
0 0.367781 0.480833 0.359305 0.497282 0.346875 0.505246 0.332271 0.496446 0.326138 0.480833 0.332590 0.465692 0.346875 0.456771 0.361117 0.465813
0 0.543470 0.707500 0.538331 0.733442 0.523750 0.739035 0.508338 0.731952 0.502951 0.707500 0.508627 0.681560 0.523750 0.670030 0.537517 0.684148
0 0.595454 0.563333 0.587206 0.582656 0.574375 0.592425 0.561969 0.584362 0.553673 0.563333 0.560627 0.542811 0.574375 0.534903 0.587946 0.541065
0 0.750058 0.612500 0.742224 0.632367 0.725000 0.639213 0.705749 0.633092 0.700987 0.612500 0.706176 0.593173 0.725000 0.585098 0.743258 0.590763
0 0.634037 0.352500 0.628884 0.370689 0.613125 0.379031 0.597650 0.371060 0.592519 0.352500 0.597773 0.331816 0.613125 0.323735 0.628617 0.333241
0 0.473187 0.105833 0.467266 0.132755 0.450000 0.141720 0.432801 0.132647 0.425323 0.105833 0.434375 0.080243 0.450000 0.068505 0.467980 0.080110
0 0.625392 0.610000 0.620304 0.624689 0.606250 0.630318 0.594163 0.624525 0.585670 0.610000 0.592224 0.595243 0.606250 0.590377 0.619463 0.594132
0 0.761752 0.318333 0.755956 0.338250 0.738750 0.345675 0.722729 0.335683 0.713378 0.318333 0.722800 0.298886 0.738750 0.292096 0.755946 0.299901
0 0.439399 0.624167 0.430139 0.644071 0.416875 0.651550 0.401221 0.642671 0.395258 0.624167 0.401257 0.605181 0.416875 0.596078 0.430917 0.604547
0 0.468677 0.637500 0.464339 0.661815 0.451250 0.674282 0.438629 0.665348 0.434265 0.637500 0.438470 0.611611 0.451250 0.604433 0.463019 0.610185
0 0.546862 0.193333 0.540134 0.211414 0.526250 0.222997 0.512083 0.214893 0.505120 0.193333 0.510932 0.173179 0.526250 0.162918 0.539542 0.172869
0 0.469580 0.305000 0.464560 0.328368 0.451250 0.336299 0.438427 0.327843 0.432512 0.305000 0.438128 0.284249 0.451250 0.276429 0.466380 0.281259
0 0.561449 0.613333 0.554630 0.635032 0.541875 0.642414 0.529661 0.633257 0.524087 0.613333 0.528315 0.595207 0.541875 0.582340 0.554107 0.595195
0 0.713736 0.215833 0.709398 0.240716 0.693750 0.247327 0.677780 0.237400 0.674473 0.215833 0.678930 0.192782 0.693750 0.186527 0.708512 0.191248
0 0.513906 0.240833 0.508362 0.260048 0.494375 0.264914 0.480157 0.259404 0.476648 0.240833 0.479946 0.222569 0.494375 0.217216 0.507544 0.220941
0 0.750073 0.461667 0.741666 0.477908 0.721875 0.484296 0.700271 0.476010 0.695744 0.461667 0.700998 0.445134 0.721875 0.440371 0.739788 0.444864
0 0.531587 0.606667 0.523758 0.626117 0.512500 0.635351 0.499965 0.627790 0.495952 0.606667 0.499446 0.588228 0.512500 0.576341 0.525780 0.586896
0 0.507820 0.408333 0.500848 0.428413 0.485625 0.440948 0.468095 0.431412 0.461752 0.408333 0.468006 0.388734 0.485625 0.378059 0.501250 0.388454
0 0.653434 0.321667 0.649946 0.339739 0.634375 0.346736 0.618765 0.340884 0.615359 0.321667 0.618914 0.303734 0.634375 0.297018 0.649259 0.303599
0 0.608425 0.209167 0.601712 0.234672 0.583125 0.247955 0.565468 0.234292 0.558640 0.209167 0.565489 0.186044 0.583125 0.169885 0.601001 0.181788
0 0.407031 0.228333 0.400913 0.246163 0.389375 0.253915 0.378171 0.246341 0.372396 0.228333 0.378213 0.211304 0.389375 0.199608 0.400784 0.208165
0 0.553081 0.565833 0.549096 0.581058 0.533125 0.588555 0.516662 0.582862 0.512902 0.565833 0.516123 0.549947 0.533125 0.543686 0.548406 0.549763
0 0.500711 0.605833 0.493092 0.622224 0.476875 0.628116 0.460559 0.624228 0.456390 0.605833 0.462297 0.588580 0.476875 0.580320 0.492352 0.589529
0 0.669425 0.411667 0.663795 0.430500 0.648125 0.436594 0.632804 0.429540 0.624360 0.411667 0.631963 0.392273 0.648125 0.387363 0.662744 0.392844
0 0.489941 0.353333 0.483999 0.374255 0.470000 0.386295 0.455682 0.375267 0.452379 0.353333 0.456942 0.330833 0.470000 0.322724 0.483215 0.330017
0 0.551631 0.137500 0.544022 0.159959 0.523750 0.167767 0.504925 0.159983 0.497461 0.137500 0.505168 0.112796 0.523750 0.105551 0.541821 0.112329
0 0.677581 0.457500 0.671065 0.477061 0.655625 0.482728 0.640425 0.478540 0.634879 0.457500 0.641209 0.438945 0.655625 0.431032 0.669175 0.437191
0 0.677133 0.231667 0.666372 0.264640 0.646250 0.275171 0.624565 0.262117 0.617030 0.231667 0.625382 0.198145 0.646250 0.186261 0.665519 0.198280
0 0.629811 0.714167 0.623773 0.736252 0.608750 0.747370 0.595625 0.735471 0.587342 0.714167 0.595473 0.693135 0.608750 0.682736 0.622207 0.691197
0 0.509863 0.569167 0.503300 0.585094 0.487500 0.595352 0.471566 0.587112 0.467101 0.569167 0.471343 0.550499 0.487500 0.543146 0.503427 0.553639
0 0.440080 0.345833 0.436109 0.367029 0.422500 0.370981 0.410426 0.365048 0.404957 0.345833 0.407917 0.326978 0.422500 0.316236 0.435987 0.327376
0 0.627833 0.278333 0.623258 0.293693 0.605625 0.302448 0.587807 0.295136 0.584211 0.278333 0.587710 0.261228 0.605625 0.254688 0.623404 0.262294
0 0.748454 0.264167 0.738439 0.290851 0.723750 0.302943 0.708783 0.288997 0.699296 0.264167 0.707492 0.237207 0.723750 0.224960 0.739788 0.238333
0 0.732103 0.551667 0.724800 0.571693 0.709375 0.577719 0.693752 0.570358 0.686466 0.551667 0.692444 0.534676 0.709375 0.522455 0.724176 0.531548
0 0.638076 0.190833 0.632733 0.210610 0.616875 0.222383 0.600902 0.212192 0.596826 0.190833 0.600742 0.170474 0.616875 0.160870 0.631665 0.172125
0 0.400705 0.530833 0.391342 0.547006 0.375000 0.553755 0.357413 0.546307 0.349456 0.530833 0.358461 0.513857 0.375000 0.507323 0.391026 0.515179
0 0.491315 0.702500 0.484699 0.723336 0.469375 0.730816 0.455675 0.724219 0.450297 0.702500 0.454743 0.682203 0.469375 0.672282 0.484169 0.681651
0 0.669683 0.298333 0.665608 0.317990 0.650625 0.326022 0.636343 0.316521 0.631442 0.298333 0.637411 0.280231 0.650625 0.272845 0.666395 0.279972
0 0.573689 0.385000 0.569733 0.401206 0.556250 0.407812 0.545096 0.401009 0.537998 0.385000 0.545004 0.367135 0.556250 0.361155 0.567431 0.369636
0 0.629479 0.573333 0.624954 0.591891 0.611250 0.597811 0.597820 0.592947 0.591569 0.573333 0.596933 0.554682 0.611250 0.546111 0.624391 0.552908
0 0.546196 0.298333 0.539852 0.318206 0.527500 0.323195 0.516250 0.318710 0.510443 0.298333 0.514981 0.278848 0.527500 0.273335 0.540616 0.281119
0 0.615671 0.676667 0.608279 0.695101 0.593750 0.700611 0.579052 0.695436 0.573175 0.676667 0.579907 0.660755 0.593750 0.651216 0.606795 0.660743
0 0.373878 0.311667 0.367705 0.330202 0.351250 0.335797 0.336878 0.330813 0.329077 0.311667 0.335092 0.295284 0.351250 0.284241 0.365695 0.293267
0 0.420001 0.366667 0.412763 0.387875 0.396875 0.395040 0.382442 0.387439 0.375749 0.366667 0.381374 0.344940 0.396875 0.334887 0.412723 0.344538
0 0.777621 0.495000 0.772359 0.516263 0.757500 0.523084 0.743351 0.515080 0.737409 0.495000 0.743237 0.476347 0.757500 0.465963 0.771486 0.473931
0 0.325845 0.498333 0.322918 0.515684 0.307500 0.521995 0.293681 0.515996 0.286898 0.498333 0.294400 0.483357 0.307500 0.475626 0.321797 0.483471
0 0.400393 0.322500 0.394191 0.340673 0.381250 0.352467 0.369335 0.341469 0.365085 0.322500 0.369810 0.303921 0.381250 0.293398 0.392848 0.302521
0 0.328056 0.572500 0.321529 0.590185 0.306250 0.597976 0.292322 0.593219 0.284448 0.572500 0.292220 0.553538 0.306250 0.545574 0.322029 0.552480
0 0.654362 0.373333 0.645717 0.390561 0.633750 0.399950 0.620033 0.390089 0.615870 0.373333 0.619190 0.356586 0.633750 0.349696 0.647426 0.355992
0 0.465406 0.545833 0.459554 0.566790 0.445000 0.574834 0.430596 0.565352 0.422448 0.545833 0.429731 0.526000 0.445000 0.519512 0.459684 0.526559
0 0.566342 0.540833 0.560368 0.559685 0.547500 0.564858 0.533052 0.559709 0.528321 0.540833 0.534851 0.521907 0.547500 0.513207 0.560990 0.521183
0 0.427536 0.304167 0.423633 0.321795 0.411250 0.328678 0.397685 0.322850 0.394287 0.304167 0.397640 0.284172 0.411250 0.279645 0.424404 0.285735
0 0.447091 0.502500 0.439259 0.524995 0.419375 0.536213 0.401182 0.525774 0.391074 0.502500 0.400299 0.480123 0.419375 0.467963 0.440136 0.477581
0 0.729679 0.660000 0.723129 0.680016 0.707500 0.688784 0.692507 0.680576 0.686429 0.660000 0.692002 0.641953 0.707500 0.631068 0.723771 0.640610
0 0.313438 0.449167 0.306484 0.467411 0.293750 0.475134 0.279687 0.467990 0.275133 0.449167 0.279708 0.431230 0.293750 0.419840 0.306470 0.429466
0 0.453219 0.703333 0.444954 0.719513 0.430000 0.725917 0.414054 0.720223 0.408959 0.703333 0.416370 0.687196 0.430000 0.679225 0.444256 0.683956
0 0.639716 0.450000 0.636274 0.467411 0.625000 0.472702 0.613439 0.466430 0.608190 0.450000 0.613249 0.432089 0.625000 0.426748 0.636020 0.434182
0 0.508703 0.168333 0.498939 0.198575 0.481875 0.216780 0.463411 0.198751 0.457775 0.168333 0.463855 0.135068 0.481875 0.126293 0.500271 0.133791
0 0.342179 0.545000 0.335533 0.561761 0.320000 0.571044 0.305282 0.562138 0.298573 0.545000 0.302771 0.526880 0.320000 0.521419 0.335858 0.528312
0 0.743333 0.506667 0.737745 0.523755 0.722500 0.535062 0.708954 0.525513 0.702766 0.506667 0.706300 0.488399 0.722500 0.481405 0.736952 0.487539
0 0.588500 0.115833 0.582989 0.144580 0.568125 0.151780 0.552410 0.141832 0.544310 0.115833 0.551684 0.087517 0.568125 0.074879 0.583094 0.085860
0 0.518112 0.369167 0.513743 0.390615 0.501875 0.403139 0.491764 0.389889 0.486313 0.369167 0.490664 0.346359 0.501875 0.339350 0.513440 0.344465
0 0.685154 0.356667 0.680798 0.380779 0.662500 0.390732 0.646761 0.380873 0.639553 0.356667 0.646730 0.333655 0.662500 0.324362 0.680111 0.330891
0 0.412255 0.273333 0.407501 0.288284 0.386250 0.298480 0.366156 0.288557 0.360855 0.273333 0.366391 0.257778 0.386250 0.248292 0.407259 0.256114
0 0.450133 0.577500 0.443262 0.596108 0.430000 0.605914 0.416728 0.595279 0.411406 0.577500 0.415503 0.559191 0.430000 0.552453 0.441973 0.558413
0 0.510129 0.699167 0.504273 0.720264 0.493125 0.728747 0.481587 0.721174 0.475843 0.699167 0.480343 0.674269 0.493125 0.665555 0.505744 0.676693
0 0.540050 0.509167 0.532212 0.531614 0.513125 0.546316 0.495733 0.535062 0.488424 0.509167 0.495224 0.486790 0.513125 0.474017 0.532814 0.484683
0 0.432874 0.210000 0.427135 0.234857 0.411250 0.246328 0.394879 0.236447 0.390457 0.210000 0.395551 0.182187 0.411250 0.168678 0.427261 0.184686
0 0.466880 0.182500 0.462853 0.205986 0.448750 0.214030 0.433826 0.206060 0.429790 0.182500 0.434089 0.160281 0.448750 0.152964 0.462887 0.161600
0 0.461257 0.660000 0.453690 0.676300 0.439375 0.682991 0.425551 0.675567 0.419980 0.660000 0.423419 0.643651 0.439375 0.640374 0.453590 0.644042
0 0.540631 0.509167 0.534498 0.535388 0.521875 0.541469 0.508429 0.531721 0.502019 0.509167 0.508048 0.484031 0.521875 0.474434 0.533927 0.486645
0 0.337082 0.388333 0.330962 0.410171 0.318750 0.422302 0.305322 0.413097 0.300843 0.388333 0.306555 0.366118 0.318750 0.358273 0.331697 0.366316
0 0.451003 0.243333 0.443718 0.265323 0.432500 0.272401 0.421059 0.265295 0.416450 0.243333 0.420369 0.223931 0.432500 0.215218 0.444751 0.223674
0 0.580457 0.245833 0.575502 0.268741 0.551875 0.279457 0.529280 0.267715 0.518891 0.245833 0.530731 0.221522 0.551875 0.215874 0.574750 0.221655
0 0.419235 0.674167 0.414607 0.697013 0.401875 0.703063 0.390248 0.695892 0.383216 0.674167 0.388038 0.651840 0.401875 0.641432 0.414681 0.653759
0 0.583133 0.245000 0.577115 0.270634 0.560625 0.278413 0.544010 0.267332 0.536786 0.245000 0.546244 0.221059 0.560625 0.212739 0.575080 0.222660
0 0.564780 0.073333 0.556164 0.100549 0.536875 0.105029 0.518172 0.099847 0.512293 0.073333 0.517603 0.046257 0.536875 0.036525 0.556583 0.049293
0 0.452087 0.470000 0.444626 0.482598 0.427500 0.487398 0.410340 0.482354 0.404904 0.470000 0.412053 0.458329 0.427500 0.452204 0.442343 0.455910
0 0.669978 0.639167 0.664099 0.655763 0.646875 0.664109 0.629415 0.656785 0.623063 0.639167 0.631190 0.619088 0.646875 0.611452 0.663849 0.621652
0 0.391960 0.175833 0.382103 0.195335 0.365625 0.205083 0.349397 0.196422 0.339738 0.175833 0.349750 0.154538 0.365625 0.144873 0.382622 0.155486
0 0.793221 0.545833 0.780424 0.562548 0.760000 0.570132 0.736130 0.562281 0.727783 0.545833 0.735902 0.527801 0.760000 0.521011 0.782318 0.528098
0 0.675730 0.707500 0.669337 0.734776 0.650625 0.746576 0.632337 0.734547 0.623225 0.707500 0.634233 0.678592 0.650625 0.668838 0.667667 0.681533
0 0.539784 0.376667 0.534857 0.401956 0.523125 0.411958 0.511806 0.399490 0.504648 0.376667 0.510831 0.351533 0.523125 0.340045 0.535426 0.354251
0 0.566523 0.248333 0.560484 0.266939 0.542500 0.279380 0.524704 0.266705 0.516115 0.248333 0.525287 0.227924 0.542500 0.217332 0.561945 0.227725
0 0.377703 0.577500 0.372935 0.599966 0.357500 0.608184 0.342600 0.599106 0.335609 0.577500 0.344364 0.558804 0.357500 0.547611 0.371279 0.558415
0 0.518166 0.538333 0.508541 0.554469 0.491875 0.562017 0.475819 0.554694 0.467621 0.538333 0.473118 0.522738 0.491875 0.513985 0.507708 0.523337
0 0.571745 0.298333 0.567311 0.314763 0.555000 0.323412 0.543162 0.315932 0.537840 0.298333 0.544230 0.281820 0.555000 0.274451 0.566426 0.281980
0 0.325799 0.293333 0.316904 0.312083 0.302500 0.320651 0.286302 0.312794 0.280000 0.293333 0.288468 0.274313 0.302500 0.266678 0.318351 0.273632
0 0.785934 0.270833 0.775862 0.289665 0.760000 0.302330 0.742748 0.289678 0.736127 0.270833 0.742642 0.250782 0.760000 0.239075 0.776825 0.250733
0 0.437249 0.150000 0.432149 0.168385 0.412500 0.177006 0.394603 0.168199 0.386001 0.150000 0.394234 0.130923 0.412500 0.120404 0.431234 0.128076
0 0.789496 0.401667 0.785652 0.420977 0.768125 0.428782 0.752518 0.418681 0.744662 0.401667 0.750517 0.382921 0.768125 0.372997 0.784012 0.381205
0 0.355592 0.597500 0.351374 0.611015 0.335625 0.620289 0.321069 0.611393 0.315673 0.597500 0.322292 0.581661 0.335625 0.576589 0.349654 0.583548
0 0.526761 0.502500 0.520680 0.522903 0.503750 0.534649 0.486234 0.522810 0.481876 0.502500 0.486629 0.480190 0.503750 0.472776 0.519352 0.482838
0 0.337777 0.451667 0.331705 0.472806 0.321250 0.481566 0.309955 0.472724 0.304542 0.451667 0.309908 0.432390 0.321250 0.421929 0.331935 0.430713
0 0.786434 0.445000 0.779707 0.459629 0.766250 0.463980 0.752487 0.458425 0.747349 0.445000 0.753604 0.430481 0.766250 0.423961 0.778996 0.430075
0 0.372889 0.214167 0.364568 0.242004 0.347500 0.255273 0.328556 0.246292 0.321410 0.214167 0.330926 0.181655 0.347500 0.174961 0.365059 0.183198
0 0.663903 0.587500 0.656992 0.611253 0.643750 0.619284 0.629231 0.609409 0.624227 0.587500 0.629433 0.564581 0.643750 0.557787 0.656878 0.565902
0 0.308267 0.399167 0.303318 0.413940 0.288750 0.419659 0.275628 0.415255 0.270612 0.399167 0.275655 0.384040 0.288750 0.376174 0.302607 0.383938
0 0.634562 0.475833 0.624925 0.493874 0.610000 0.502082 0.593152 0.494696 0.588059 0.475833 0.595429 0.456657 0.610000 0.447826 0.625924 0.458820
0 0.796479 0.357500 0.789619 0.375981 0.771875 0.385228 0.753897 0.375775 0.747668 0.357500 0.755879 0.340642 0.771875 0.334162 0.787707 0.339409
0 0.554074 0.247500 0.546858 0.267218 0.535000 0.273193 0.522039 0.267995 0.515891 0.247500 0.522181 0.228552 0.535000 0.222308 0.547998 0.228737
0 0.760093 0.580000 0.756170 0.595409 0.740625 0.599791 0.727428 0.595396 0.719093 0.580000 0.726525 0.564607 0.740625 0.557284 0.754525 0.565488
0 0.676175 0.230000 0.668884 0.257869 0.654375 0.268129 0.638695 0.255977 0.634320 0.230000 0.639559 0.202087 0.654375 0.190137 0.670802 0.204106
0 0.351392 0.234167 0.344362 0.260359 0.327500 0.266506 0.310299 0.259360 0.304587 0.234167 0.312673 0.210272 0.327500 0.200574 0.344393 0.207038
0 0.370765 0.348333 0.365160 0.365125 0.348125 0.368161 0.330822 0.362414 0.326127 0.348333 0.330941 0.332334 0.348125 0.327790 0.362988 0.334150
0 0.699850 0.164167 0.692857 0.184229 0.679375 0.194018 0.665426 0.187634 0.658738 0.164167 0.665883 0.140425 0.679375 0.132251 0.693424 0.140301
0 0.405564 0.475833 0.396768 0.492788 0.384375 0.502410 0.369475 0.492917 0.365011 0.475833 0.369371 0.459038 0.384375 0.448776 0.397280 0.457424
0 0.711129 0.620833 0.704566 0.640518 0.690000 0.644763 0.675601 0.639971 0.668331 0.620833 0.677161 0.603160 0.690000 0.592484 0.704363 0.601745
0 0.506353 0.755000 0.500766 0.776556 0.482500 0.784712 0.465505 0.776210 0.459782 0.755000 0.467338 0.733577 0.482500 0.726998 0.499848 0.734153
0 0.610898 0.512500 0.603766 0.529254 0.590000 0.536719 0.574553 0.528673 0.570500 0.512500 0.575587 0.496319 0.590000 0.486951 0.605412 0.494241
0 0.658292 0.522500 0.651942 0.544306 0.628750 0.555001 0.605364 0.545968 0.600134 0.522500 0.606071 0.499490 0.628750 0.490881 0.649648 0.499037
0 0.462159 0.745000 0.455063 0.762477 0.438750 0.772489 0.421197 0.763487 0.413991 0.745000 0.419556 0.728342 0.438750 0.722244 0.455301 0.727105
0 0.386418 0.501667 0.382030 0.517877 0.366250 0.525499 0.350803 0.515852 0.345272 0.501667 0.352477 0.486684 0.366250 0.479853 0.381813 0.486251
0 0.745124 0.206667 0.740375 0.227101 0.726250 0.235998 0.711896 0.224572 0.707300 0.206667 0.712385 0.188267 0.726250 0.178985 0.738240 0.188982
0 0.692785 0.647500 0.678695 0.670133 0.658125 0.682783 0.637286 0.671522 0.624935 0.647500 0.636941 0.625817 0.658125 0.615072 0.682202 0.624037
0 0.388555 0.675833 0.385495 0.698847 0.370000 0.705998 0.356738 0.699696 0.351540 0.675833 0.356177 0.654109 0.370000 0.644333 0.385165 0.652886
0 0.707679 0.502500 0.699955 0.525402 0.681250 0.531797 0.663177 0.523892 0.654748 0.502500 0.663095 0.479422 0.681250 0.471940 0.698461 0.480720
0 0.660512 0.161667 0.655351 0.183431 0.640625 0.192027 0.625865 0.181603 0.618463 0.161667 0.625678 0.141901 0.640625 0.133781 0.653857 0.142946
0 0.299934 0.531667 0.294776 0.550132 0.283750 0.558698 0.271780 0.549719 0.267171 0.531667 0.273028 0.515351 0.283750 0.508699 0.295756 0.513830
0 0.356709 0.244167 0.347986 0.280974 0.330625 0.292682 0.310726 0.276787 0.303766 0.244167 0.313874 0.207313 0.330625 0.195509 0.349844 0.210925
0 0.621600 0.236667 0.617159 0.250755 0.604375 0.259074 0.590883 0.252638 0.587302 0.236667 0.591959 0.220608 0.604375 0.215548 0.617749 0.220780
0 0.668582 0.108333 0.658806 0.128041 0.643125 0.136937 0.627226 0.131238 0.617909 0.108333 0.626567 0.086446 0.643125 0.080860 0.659040 0.088149
0 0.643525 0.524167 0.636432 0.549213 0.621250 0.555239 0.604315 0.545820 0.597573 0.524167 0.606410 0.502231 0.621250 0.489688 0.637268 0.501689
0 0.622068 0.115833 0.618354 0.143363 0.603750 0.148798 0.590547 0.142091 0.585044 0.115833 0.588974 0.090557 0.603750 0.080176 0.617195 0.089323
0 0.395458 0.520833 0.391538 0.540897 0.373125 0.544922 0.355848 0.538319 0.349421 0.520833 0.356790 0.501229 0.373125 0.494812 0.389855 0.504024
0 0.621722 0.215833 0.614923 0.247492 0.591250 0.254626 0.569840 0.247170 0.560452 0.215833 0.568130 0.188197 0.591250 0.169250 0.614921 0.187701
0 0.331189 0.334167 0.326198 0.346755 0.311875 0.353446 0.298068 0.347859 0.294197 0.334167 0.299163 0.320036 0.311875 0.315454 0.325950 0.320625
0 0.729956 0.653333 0.721076 0.680279 0.705000 0.686633 0.687867 0.677280 0.681057 0.653333 0.687175 0.627965 0.705000 0.615918 0.722218 0.626615
0 0.689713 0.649167 0.683950 0.671107 0.671250 0.678884 0.656736 0.671971 0.654212 0.649167 0.658660 0.626169 0.671250 0.619107 0.684259 0.627741
0 0.670195 0.689167 0.665465 0.708983 0.647500 0.719793 0.630976 0.709845 0.620621 0.689167 0.630707 0.666700 0.647500 0.658246 0.666128 0.666901
0 0.662324 0.522500 0.653415 0.547640 0.639375 0.557206 0.625395 0.543183 0.619613 0.522500 0.624867 0.500812 0.639375 0.490737 0.655484 0.501057
0 0.675626 0.508333 0.669723 0.524259 0.657500 0.534199 0.644402 0.526968 0.640564 0.508333 0.644168 0.491606 0.657500 0.483861 0.670948 0.492000
0 0.676506 0.719167 0.670256 0.736808 0.652500 0.742620 0.636476 0.737622 0.626463 0.719167 0.635869 0.700578 0.652500 0.690826 0.669786 0.701401
0 0.527710 0.372500 0.521473 0.398905 0.508125 0.410787 0.492912 0.396668 0.485983 0.372500 0.493569 0.345143 0.508125 0.332982 0.523364 0.345674
0 0.318361 0.244167 0.313669 0.270353 0.299375 0.281387 0.285117 0.270226 0.278906 0.244167 0.284057 0.218328 0.299375 0.208218 0.314899 0.222072
0 0.443222 0.575000 0.437318 0.591028 0.425000 0.601091 0.413681 0.591781 0.407733 0.575000 0.411929 0.557213 0.425000 0.552472 0.437885 0.557530
0 0.302189 0.356667 0.297246 0.374346 0.285000 0.383677 0.272308 0.374591 0.266900 0.356667 0.271574 0.339128 0.285000 0.333530 0.297735 0.339471
0 0.515350 0.553333 0.508158 0.580214 0.490625 0.590382 0.473480 0.580396 0.463389 0.553333 0.471224 0.525771 0.490625 0.516073 0.509634 0.528850
0 0.501722 0.073333 0.498030 0.091850 0.482500 0.099137 0.467311 0.093371 0.463863 0.073333 0.469464 0.053972 0.482500 0.045043 0.495738 0.053372
0 0.804082 0.490833 0.799413 0.514769 0.781875 0.528747 0.766731 0.515071 0.759370 0.490833 0.764401 0.466155 0.781875 0.453186 0.799628 0.465779
0 0.770254 0.626667 0.766514 0.642860 0.755000 0.652112 0.742919 0.643755 0.739280 0.626667 0.742818 0.607298 0.755000 0.601943 0.766248 0.607285
0 0.416675 0.226667 0.410888 0.247557 0.395625 0.256407 0.380986 0.247134 0.373667 0.226667 0.379890 0.206811 0.395625 0.196092 0.410454 0.206116
