0 0.744305 0.532500 0.738550 0.554992 0.723125 0.563528 0.707387 0.553683 0.698655 0.532500 0.705929 0.512321 0.723125 0.500666 0.738361 0.513114
0 0.763439 0.331667 0.755266 0.356673 0.738750 0.364952 0.723257 0.357794 0.717145 0.331667 0.722416 0.304509 0.738750 0.294641 0.755760 0.306140
0 0.772933 0.385833 0.768450 0.406397 0.751250 0.412637 0.736014 0.404532 0.727585 0.385833 0.735812 0.364623 0.751250 0.360203 0.768508 0.366382
0 0.339391 0.550833 0.330555 0.571267 0.315625 0.577756 0.300069 0.570585 0.293866 0.550833 0.298225 0.533249 0.315625 0.521345 0.332331 0.531998
0 0.793470 0.436667 0.787152 0.458618 0.768750 0.466938 0.752664 0.455806 0.746886 0.436667 0.753320 0.415825 0.768750 0.409645 0.784706 0.415578
0 0.395169 0.250000 0.389782 0.269821 0.376875 0.278260 0.363096 0.269139 0.358633 0.250000 0.361946 0.228298 0.376875 0.218799 0.390773 0.226811
0 0.513537 0.590000 0.509024 0.608057 0.496250 0.618015 0.484548 0.610218 0.477338 0.590000 0.484120 0.570532 0.496250 0.564431 0.508953 0.570249
0 0.686720 0.364167 0.680031 0.385629 0.664375 0.398946 0.647453 0.389102 0.642656 0.364167 0.648509 0.341700 0.664375 0.329770 0.680531 0.341179
0 0.545515 0.355833 0.539775 0.376684 0.525000 0.383311 0.510535 0.374999 0.506777 0.355833 0.510418 0.334303 0.525000 0.325191 0.539934 0.335119
0 0.516758 0.397500 0.511202 0.416691 0.495625 0.428858 0.479705 0.416101 0.473572 0.397500 0.481711 0.374911 0.495625 0.366683 0.511486 0.376125
0 0.793960 0.501667 0.787412 0.524881 0.770625 0.538443 0.756110 0.528488 0.750911 0.501667 0.755643 0.475438 0.770625 0.465959 0.785279 0.475938
0 0.625387 0.408333 0.616788 0.428964 0.603125 0.434324 0.587918 0.428556 0.580632 0.408333 0.589655 0.389206 0.603125 0.382020 0.618930 0.388029
0 0.704516 0.313333 0.695658 0.330081 0.679375 0.338050 0.662622 0.329949 0.656091 0.313333 0.661549 0.296667 0.679375 0.289323 0.697093 0.298342
0 0.554352 0.160833 0.546651 0.190044 0.531250 0.199824 0.512977 0.188900 0.507163 0.160833 0.514933 0.134242 0.531250 0.123011 0.547383 0.131981
0 0.501040 0.199167 0.495121 0.225802 0.480000 0.238517 0.464581 0.228157 0.460315 0.199167 0.466127 0.170228 0.480000 0.164391 0.494836 0.174738
0 0.568597 0.315000 0.561308 0.335054 0.546875 0.340956 0.533018 0.333102 0.526462 0.315000 0.533642 0.295679 0.546875 0.289044 0.560434 0.294093
0 0.420872 0.373333 0.414048 0.403417 0.400625 0.420605 0.385582 0.401175 0.381109 0.373333 0.387261 0.343931 0.400625 0.333661 0.414359 0.343178
0 0.708602 0.439167 0.704805 0.459981 0.691250 0.471030 0.678728 0.459915 0.673122 0.439167 0.677429 0.419025 0.691250 0.412555 0.705761 0.417395
0 0.455667 0.337500 0.447979 0.360196 0.433125 0.365678 0.418987 0.359108 0.410039 0.337500 0.417911 0.314650 0.433125 0.309394 0.448339 0.315997
0 0.654969 0.395833 0.651412 0.417773 0.636875 0.428066 0.621819 0.419391 0.618891 0.395833 0.622479 0.374615 0.636875 0.363043 0.651470 0.375083
0 0.616952 0.540000 0.610987 0.560176 0.596250 0.565838 0.581141 0.559603 0.575498 0.540000 0.583044 0.521763 0.596250 0.511979 0.610054 0.520671
0 0.754985 0.259167 0.747305 0.287910 0.729375 0.304137 0.711387 0.289678 0.705643 0.259167 0.710884 0.228597 0.729375 0.214228 0.746347 0.231748
0 0.603658 0.440833 0.596764 0.460445 0.582500 0.469872 0.568715 0.459368 0.563594 0.440833 0.568653 0.421506 0.582500 0.412481 0.597452 0.419848
0 0.768470 0.483333 0.763515 0.506375 0.748125 0.517203 0.732618 0.507611 0.726802 0.483333 0.734552 0.461858 0.748125 0.450227 0.761556 0.461688
0 0.525476 0.448333 0.520036 0.468734 0.508125 0.475334 0.495058 0.469772 0.489852 0.448333 0.494620 0.429171 0.508125 0.418857 0.522115 0.427957
0 0.455199 0.530000 0.446105 0.549969 0.432500 0.557724 0.417136 0.551177 0.410359 0.530000 0.418686 0.508519 0.432500 0.497578 0.447527 0.509405
0 0.459028 0.254167 0.453377 0.272789 0.441250 0.281504 0.428915 0.275062 0.423689 0.254167 0.428006 0.232845 0.441250 0.224827 0.454260 0.232039
0 0.318148 0.425000 0.309567 0.444810 0.296250 0.451427 0.282298 0.445442 0.277753 0.425000 0.282165 0.404865 0.296250 0.397387 0.311541 0.407784
0 0.708261 0.536667 0.704301 0.555795 0.686875 0.562890 0.670910 0.556309 0.664945 0.536667 0.671522 0.518458 0.686875 0.506846 0.704710 0.515837
0 0.658069 0.620000 0.649492 0.640427 0.634375 0.651549 0.618514 0.642513 0.613254 0.620000 0.618882 0.597777 0.634375 0.592237 0.649608 0.600540
0 0.317254 0.495833 0.310033 0.516529 0.295625 0.524469 0.281557 0.516644 0.274071 0.495833 0.279880 0.472744 0.295625 0.464883 0.311150 0.473215
0 0.562117 0.484167 0.555800 0.504986 0.538750 0.511404 0.521653 0.503336 0.514164 0.484167 0.522308 0.466189 0.538750 0.457715 0.555762 0.464682
0 0.363626 0.339167 0.359951 0.361940 0.345000 0.374408 0.330268 0.359931 0.323250 0.339167 0.330662 0.315429 0.345000 0.303518 0.360143 0.316649
0 0.527500 0.199167 0.523341 0.220516 0.510625 0.229309 0.496546 0.222370 0.493776 0.199167 0.497543 0.175522 0.510625 0.167007 0.523171 0.178154
0 0.680670 0.578333 0.677711 0.603775 0.663750 0.611173 0.649701 0.600002 0.643485 0.578333 0.649454 0.556050 0.663750 0.543062 0.676641 0.553977
0 0.494145 0.455000 0.489385 0.476457 0.473750 0.480942 0.459982 0.476673 0.454043 0.455000 0.459186 0.435328 0.473750 0.427054 0.488608 0.436822
0 0.453494 0.396667 0.447693 0.417496 0.431875 0.425083 0.416203 0.419417 0.408947 0.396667 0.416974 0.374432 0.431875 0.364300 0.447148 0.376166
0 0.615063 0.582500 0.608939 0.599929 0.595625 0.608778 0.580860 0.600713 0.573401 0.582500 0.580839 0.562818 0.595625 0.556346 0.609610 0.563800
0 0.729686 0.329167 0.721369 0.353115 0.704375 0.366066 0.687349 0.354916 0.679350 0.329167 0.688362 0.306775 0.704375 0.297720 0.720720 0.305971
0 0.473219 0.300833 0.470076 0.318021 0.456875 0.328737 0.443567 0.318245 0.438250 0.300833 0.443454 0.283014 0.456875 0.276613 0.470344 0.281494
0 0.581681 0.577500 0.575571 0.597078 0.563750 0.606154 0.551099 0.597488 0.546255 0.577500 0.551775 0.556937 0.563750 0.547855 0.577073 0.556827
0 0.591584 0.287500 0.586002 0.305706 0.571875 0.315824 0.559273 0.306916 0.550744 0.287500 0.558592 0.266233 0.571875 0.261285 0.585898 0.269517
0 0.613108 0.628333 0.607068 0.647811 0.591875 0.653470 0.577886 0.647444 0.569407 0.628333 0.575443 0.607964 0.591875 0.602568 0.608228 0.610715
0 0.480425 0.232500 0.474253 0.251742 0.461875 0.263676 0.448939 0.253781 0.443236 0.232500 0.449379 0.210291 0.461875 0.201294 0.474735 0.210390
0 0.654645 0.460000 0.650034 0.482275 0.632500 0.492249 0.616280 0.482764 0.609205 0.460000 0.616498 0.435865 0.632500 0.425528 0.648290 0.436360
0 0.582331 0.521667 0.576371 0.542246 0.561875 0.549135 0.548291 0.543629 0.541600 0.521667 0.549293 0.501260 0.561875 0.492977 0.576852 0.502333
0 0.724305 0.590833 0.718731 0.612078 0.702500 0.620889 0.687984 0.612195 0.680916 0.590833 0.687593 0.570860 0.702500 0.557885 0.717855 0.570648
0 0.678080 0.430000 0.672371 0.451828 0.658750 0.462133 0.643733 0.454186 0.639428 0.430000 0.642304 0.408823 0.658750 0.397719 0.674169 0.409830
0 0.536001 0.565000 0.528467 0.581700 0.516875 0.587493 0.503951 0.580609 0.498288 0.565000 0.503729 0.548202 0.516875 0.542406 0.528663 0.548113
0 0.485687 0.415000 0.476960 0.434208 0.463750 0.443257 0.449253 0.434193 0.441949 0.415000 0.448849 0.396827 0.463750 0.385867 0.476876 0.396189
0 0.689711 0.485000 0.685614 0.503183 0.670625 0.511022 0.655494 0.506492 0.649599 0.485000 0.657155 0.466024 0.670625 0.458689 0.684059 0.466422
0 0.360640 0.265833 0.354284 0.290596 0.340000 0.300554 0.323989 0.287815 0.320323 0.265833 0.326098 0.242428 0.340000 0.234015 0.354695 0.243618
0 0.728472 0.385833 0.722583 0.404534 0.704375 0.411594 0.687276 0.405185 0.680931 0.385833 0.686962 0.368178 0.704375 0.360951 0.722115 0.367834
0 0.635417 0.224167 0.626857 0.247245 0.611875 0.257329 0.595156 0.248681 0.589682 0.224167 0.595213 0.201798 0.611875 0.193192 0.628743 0.200603
0 0.465966 0.173333 0.461308 0.194712 0.446875 0.202602 0.434298 0.196102 0.429166 0.173333 0.432826 0.152621 0.446875 0.144126 0.460840 0.151226
0 0.414025 0.505000 0.406202 0.520847 0.391250 0.529622 0.373983 0.521419 0.366757 0.505000 0.374051 0.489598 0.391250 0.479549 0.407593 0.487749
0 0.557321 0.545833 0.551802 0.567854 0.537500 0.577790 0.523184 0.566403 0.517187 0.545833 0.524987 0.524748 0.537500 0.515421 0.551157 0.525271
0 0.786079 0.564167 0.777691 0.581607 0.759375 0.591302 0.742309 0.580903 0.734047 0.564167 0.742047 0.544795 0.759375 0.536680 0.775847 0.546317
0 0.651638 0.562500 0.643328 0.582590 0.630000 0.589722 0.615155 0.584195 0.611023 0.562500 0.614841 0.540101 0.630000 0.534499 0.642831 0.540132
0 0.572944 0.633333 0.567776 0.659395 0.554375 0.670620 0.541320 0.658717 0.533237 0.633333 0.540415 0.607137 0.554375 0.597738 0.568583 0.606899
0 0.411507 0.558333 0.406236 0.583340 0.390625 0.594473 0.374345 0.580795 0.369798 0.558333 0.375515 0.532239 0.390625 0.524663 0.407169 0.531432
0 0.505703 0.126667 0.500508 0.153628 0.487500 0.161670 0.474477 0.152830 0.470488 0.126667 0.475011 0.101803 0.487500 0.090582 0.499773 0.101960
0 0.407093 0.189167 0.399446 0.214379 0.385000 0.219875 0.370493 0.212218 0.361023 0.189167 0.369717 0.167910 0.385000 0.154523 0.400637 0.164195
0 0.551774 0.258333 0.544440 0.277710 0.531250 0.289065 0.518426 0.280819 0.510010 0.258333 0.517137 0.238104 0.531250 0.225767 0.546222 0.237786
0 0.461215 0.612500 0.454742 0.637333 0.433750 0.649466 0.414083 0.637445 0.405052 0.612500 0.412567 0.585649 0.433750 0.575165 0.453367 0.585500
0 0.441905 0.208333 0.436140 0.224433 0.423750 0.231175 0.411465 0.226740 0.406516 0.208333 0.412360 0.190145 0.423750 0.184915 0.435681 0.189365
0 0.330972 0.352500 0.325984 0.373754 0.308125 0.381027 0.292111 0.372248 0.284343 0.352500 0.291215 0.330274 0.308125 0.323699 0.324715 0.329641
0 0.749390 0.430833 0.742474 0.454913 0.728125 0.462852 0.714843 0.451806 0.709911 0.430833 0.715432 0.408859 0.728125 0.401558 0.742408 0.409688
0 0.729847 0.480000 0.723231 0.501166 0.709375 0.514290 0.695345 0.501774 0.686868 0.480000 0.694258 0.458106 0.709375 0.450262 0.723154 0.456304
0 0.545271 0.100833 0.536746 0.123429 0.521250 0.132303 0.505110 0.121733 0.496895 0.100833 0.503360 0.077267 0.521250 0.071472 0.536505 0.080489
0 0.491961 0.502500 0.486909 0.516906 0.473125 0.523755 0.458925 0.518501 0.450933 0.502500 0.457483 0.485431 0.473125 0.477985 0.487063 0.486287
1 0.453936 0.460000 0.444842 0.489605 0.418750 0.498594 0.391794 0.486522 0.382527 0.460000 0.392581 0.431686 0.418750 0.421692 0.445464 0.431750
0 0.512744 0.646667 0.508375 0.667234 0.490000 0.676431 0.473607 0.665539 0.464329 0.646667 0.472034 0.625571 0.490000 0.620253 0.505960 0.627237
0 0.503978 0.352500 0.497146 0.376730 0.483750 0.388119 0.470878 0.373224 0.464803 0.352500 0.469736 0.329302 0.483750 0.322293 0.497540 0.330326
0 0.603978 0.492500 0.597954 0.510163 0.583750 0.516944 0.571512 0.511591 0.565965 0.492500 0.571299 0.474162 0.583750 0.468066 0.596472 0.475692
0 0.355014 0.460833 0.348787 0.475455 0.331250 0.481798 0.312987 0.477785 0.302595 0.460833 0.312835 0.444909 0.331250 0.440014 0.348634 0.443875
0 0.588378 0.115000 0.580749 0.142799 0.564375 0.153009 0.547429 0.140312 0.540852 0.115000 0.550382 0.087531 0.564375 0.078211 0.579376 0.088112
0 0.496671 0.548333 0.490534 0.566041 0.473125 0.575276 0.456517 0.567081 0.449469 0.548333 0.458385 0.530417 0.473125 0.521395 0.490417 0.528378
0 0.342736 0.406667 0.336069 0.426972 0.324375 0.432356 0.310555 0.425161 0.306308 0.406667 0.312534 0.386035 0.324375 0.380275 0.338196 0.386866
0 0.512383 0.260000 0.507529 0.282969 0.491875 0.289684 0.478494 0.282198 0.469714 0.260000 0.478745 0.236722 0.491875 0.229339 0.507556 0.239489
0 0.643063 0.515833 0.637213 0.531548 0.621250 0.540006 0.604259 0.531395 0.598458 0.515833 0.604989 0.500245 0.621250 0.491627 0.637651 0.501212
0 0.311008 0.307500 0.301903 0.334240 0.285625 0.341996 0.269611 0.336607 0.260331 0.307500 0.268976 0.282293 0.285625 0.267165 0.301393 0.281987
0 0.650485 0.335000 0.644056 0.353548 0.630625 0.359562 0.617300 0.354524 0.610715 0.335000 0.617902 0.315985 0.630625 0.306180 0.643826 0.315687
0 0.375760 0.423333 0.366397 0.442553 0.348125 0.447554 0.329941 0.443208 0.321291 0.423333 0.328379 0.404207 0.348125 0.395196 0.367236 0.404945
0 0.673378 0.290000 0.669827 0.309955 0.655625 0.316862 0.642294 0.308054 0.636957 0.290000 0.642784 0.273008 0.655625 0.265892 0.669316 0.270176
0 0.641648 0.665000 0.636906 0.686187 0.618750 0.698093 0.603402 0.689306 0.594986 0.665000 0.601126 0.644349 0.618750 0.631472 0.636166 0.644091
0 0.744325 0.201667 0.737373 0.223290 0.720000 0.233368 0.701907 0.224593 0.693731 0.201667 0.701684 0.179205 0.720000 0.171791 0.738892 0.179687
0 0.337361 0.299167 0.332104 0.321205 0.318125 0.328740 0.304692 0.320072 0.296457 0.299167 0.303857 0.278640 0.318125 0.265440 0.332848 0.277138
0 0.390925 0.309167 0.385116 0.325872 0.371250 0.334588 0.357207 0.325656 0.352559 0.309167 0.357346 0.289814 0.371250 0.284495 0.385701 0.289092
0 0.409677 0.619167 0.405303 0.636720 0.389375 0.646368 0.374996 0.637398 0.367960 0.619167 0.373889 0.599286 0.389375 0.590413 0.403017 0.600486
0 0.550812 0.602500 0.543817 0.623022 0.530625 0.633488 0.516503 0.624272 0.511524 0.602500 0.518005 0.580076 0.530625 0.573098 0.544544 0.581860
0 0.528120 0.515833 0.520880 0.542772 0.505625 0.551891 0.488671 0.541811 0.481588 0.515833 0.488916 0.491678 0.505625 0.479962 0.520395 0.491465
0 0.558972 0.666667 0.552497 0.693105 0.532500 0.704087 0.513193 0.691783 0.506190 0.666667 0.510374 0.638146 0.532500 0.625957 0.550929 0.638570
0 0.609679 0.249167 0.605515 0.269199 0.592500 0.276979 0.579811 0.270458 0.574565 0.249167 0.578205 0.229517 0.592500 0.217084 0.606935 0.228044
0 0.633774 0.363333 0.630148 0.381467 0.615000 0.388258 0.599947 0.380437 0.593264 0.363333 0.600587 0.345270 0.615000 0.339540 0.628142 0.345927
0 0.478108 0.356667 0.473697 0.379846 0.460625 0.387961 0.447628 0.379740 0.441688 0.356667 0.447312 0.334566 0.460625 0.324664 0.472206 0.336178
0 0.612732 0.324167 0.606829 0.353130 0.588750 0.363875 0.568656 0.355445 0.564330 0.324167 0.568409 0.294586 0.588750 0.283623 0.606147 0.297470
0 0.436894 0.154167 0.429849 0.178043 0.414375 0.188156 0.398936 0.175928 0.395382 0.154167 0.401056 0.131917 0.414375 0.124708 0.428256 0.130773
0 0.702303 0.262500 0.697681 0.283683 0.686250 0.292012 0.672880 0.282468 0.670437 0.262500 0.673979 0.244221 0.686250 0.237626 0.699346 0.243122
0 0.669731 0.516667 0.663567 0.532137 0.654375 0.539990 0.644828 0.533351 0.638569 0.516667 0.644391 0.499672 0.654375 0.492395 0.665034 0.501647
0 0.430719 0.260000 0.422692 0.279250 0.408125 0.290258 0.394988 0.279200 0.385478 0.260000 0.392772 0.240820 0.408125 0.230447 0.421775 0.240607
0 0.354113 0.502500 0.346366 0.518384 0.332500 0.526388 0.317842 0.521092 0.309322 0.502500 0.316160 0.486763 0.332500 0.479362 0.347553 0.484280
0 0.420935 0.303333 0.416957 0.320890 0.400625 0.328263 0.384733 0.323781 0.378700 0.303333 0.386647 0.284392 0.400625 0.274296 0.415819 0.286026
0 0.691799 0.644167 0.687732 0.665149 0.671875 0.674053 0.657074 0.668083 0.650437 0.644167 0.655320 0.622650 0.671875 0.614870 0.688038 0.622163
0 0.471768 0.122500 0.464935 0.143200 0.450625 0.149463 0.435694 0.144443 0.432351 0.122500 0.436321 0.103701 0.450625 0.091251 0.464015 0.100606
0 0.801782 0.335833 0.796450 0.358900 0.780000 0.368404 0.763445 0.360364 0.755434 0.335833 0.763905 0.314816 0.780000 0.302282 0.797326 0.312248
0 0.300872 0.373333 0.295099 0.393772 0.280625 0.404315 0.267192 0.391781 0.261387 0.373333 0.266188 0.354274 0.280625 0.347534 0.295383 0.351303
0 0.370260 0.570000 0.363588 0.590112 0.347500 0.598710 0.331217 0.590218 0.323779 0.570000 0.331116 0.553024 0.347500 0.544242 0.364583 0.552486
0 0.579263 0.202500 0.574503 0.218331 0.558750 0.226748 0.544007 0.220665 0.537184 0.202500 0.543716 0.185447 0.558750 0.176254 0.572478 0.184283
0 0.628378 0.174167 0.622833 0.195450 0.605625 0.204604 0.590164 0.197663 0.582317 0.174167 0.587843 0.151754 0.605625 0.144036 0.621717 0.153193
0 0.573590 0.395000 0.567776 0.420199 0.554375 0.426944 0.540192 0.420974 0.534074 0.395000 0.540188 0.371841 0.554375 0.360607 0.568127 0.368362
0 0.577546 0.240000 0.570834 0.254155 0.557500 0.263504 0.544003 0.255762 0.537489 0.240000 0.545062 0.225917 0.557500 0.219072 0.571104 0.224219
0 0.415034 0.678333 0.403268 0.709439 0.381250 0.716631 0.356531 0.706235 0.348670 0.678333 0.357063 0.647682 0.381250 0.635309 0.403809 0.647621
0 0.317895 0.592500 0.310118 0.616241 0.296250 0.627552 0.281419 0.613414 0.278195 0.592500 0.282004 0.567302 0.296250 0.559605 0.311550 0.567542
0 0.591049 0.372500 0.584615 0.388121 0.570625 0.394001 0.557185 0.389326 0.549864 0.372500 0.557792 0.355823 0.570625 0.349604 0.584321 0.356620
0 0.561694 0.445833 0.557304 0.459760 0.543750 0.466585 0.529464 0.460745 0.525884 0.445833 0.530350 0.430139 0.543750 0.423948 0.558141 0.431824
0 0.462121 0.545833 0.457211 0.563721 0.445625 0.571915 0.433648 0.564092 0.429944 0.545833 0.435359 0.527770 0.445625 0.518051 0.455848 0.528900
0 0.388843 0.404167 0.383654 0.419398 0.368750 0.426770 0.353307 0.419618 0.348684 0.404167 0.355078 0.389101 0.368750 0.383807 0.382710 0.389684
0 0.532980 0.310833 0.527024 0.329920 0.515625 0.335019 0.502863 0.328840 0.498681 0.310833 0.502549 0.291803 0.515625 0.287113 0.527818 0.292913
0 0.384672 0.360000 0.377215 0.380579 0.364375 0.385900 0.350847 0.379616 0.346101 0.360000 0.351730 0.339463 0.364375 0.334027 0.378147 0.340873
0 0.545052 0.407500 0.538992 0.423396 0.528125 0.433572 0.516861 0.424809 0.511723 0.407500 0.516934 0.391675 0.528125 0.383234 0.539592 0.389742
0 0.439828 0.099167 0.436805 0.118565 0.422500 0.127321 0.408782 0.117554 0.402000 0.099167 0.408251 0.082332 0.422500 0.075017 0.435698 0.082197
0 0.506042 0.353333 0.495069 0.375387 0.474375 0.386628 0.455239 0.376522 0.447144 0.353333 0.453702 0.329609 0.474375 0.321245 0.493898 0.327510
0 0.369865 0.533333 0.365019 0.546384 0.351250 0.551230 0.336683 0.546562 0.332013 0.533333 0.337914 0.519337 0.351250 0.514276 0.364434 0.519259
0 0.363047 0.632500 0.354985 0.664415 0.337500 0.682036 0.320688 0.662944 0.311313 0.632500 0.317259 0.601041 0.337500 0.580669 0.357814 0.595576
0 0.468412 0.687500 0.457474 0.721769 0.438750 0.733417 0.418782 0.718534 0.410570 0.687500 0.419570 0.656335 0.438750 0.638447 0.459483 0.656896
0 0.364678 0.617500 0.354236 0.639454 0.336875 0.652248 0.319395 0.640375 0.311081 0.617500 0.318802 0.593353 0.336875 0.582988 0.356226 0.593723
0 0.726107 0.141667 0.717365 0.164909 0.703125 0.171382 0.686825 0.164743 0.679233 0.141667 0.686484 0.122401 0.703125 0.114314 0.717914 0.121313
0 0.580180 0.231667 0.572887 0.254544 0.558750 0.261525 0.544981 0.251223 0.540104 0.231667 0.544074 0.211905 0.558750 0.201081 0.572954 0.210057
0 0.631620 0.479167 0.625321 0.491200 0.610625 0.495863 0.596469 0.491813 0.590761 0.479167 0.595938 0.466411 0.610625 0.461669 0.624769 0.466281
0 0.502465 0.300000 0.498302 0.315473 0.487500 0.321814 0.477611 0.313795 0.471146 0.300000 0.476501 0.285372 0.487500 0.280165 0.497606 0.285742
0 0.625422 0.098333 0.617747 0.131302 0.598125 0.149983 0.580218 0.130697 0.572232 0.098333 0.577391 0.060882 0.598125 0.046594 0.617827 0.063808
0 0.606884 0.330833 0.601124 0.353653 0.584375 0.362300 0.570370 0.356949 0.562503 0.330833 0.569125 0.304846 0.584375 0.296060 0.598737 0.308181
0 0.530680 0.504167 0.524311 0.526671 0.510000 0.533855 0.496345 0.524996 0.489941 0.504167 0.495693 0.482751 0.510000 0.477852 0.526323 0.485255
0 0.763027 0.611667 0.756016 0.633531 0.740625 0.642122 0.726372 0.633236 0.719535 0.611667 0.725809 0.593629 0.740625 0.582953 0.755236 0.589760
0 0.619133 0.313333 0.611700 0.332887 0.594375 0.342192 0.579403 0.333501 0.570242 0.313333 0.579408 0.293114 0.594375 0.285874 0.611669 0.291610
0 0.496517 0.549167 0.484811 0.569503 0.463750 0.574288 0.439585 0.567915 0.431389 0.549167 0.442267 0.530760 0.463750 0.521348 0.487220 0.531053
0 0.419029 0.305833 0.411194 0.324188 0.388125 0.335141 0.365517 0.326453 0.356493 0.305833 0.366559 0.286766 0.388125 0.276088 0.413741 0.284493
0 0.480573 0.548333 0.473945 0.567170 0.455000 0.575398 0.437170 0.568064 0.428682 0.548333 0.436018 0.529962 0.455000 0.523944 0.473107 0.531289
0 0.506757 0.293333 0.501072 0.312057 0.488750 0.319250 0.476587 0.313386 0.471961 0.293333 0.476897 0.274080 0.488750 0.264764 0.501692 0.275422
0 0.523561 0.525833 0.518472 0.543421 0.503750 0.549445 0.488997 0.543983 0.482233 0.525833 0.490339 0.508708 0.503750 0.499857 0.517480 0.507696
0 0.340739 0.192500 0.334690 0.213654 0.321250 0.220250 0.306458 0.213639 0.301286 0.192500 0.307565 0.172717 0.321250 0.160483 0.335199 0.171344
0 0.789916 0.281667 0.784402 0.303193 0.769375 0.314002 0.755472 0.304297 0.751567 0.281667 0.755589 0.262071 0.769375 0.251478 0.782980 0.261384
0 0.625742 0.114167 0.617752 0.135689 0.603750 0.149670 0.587240 0.138304 0.584183 0.114167 0.589011 0.090848 0.603750 0.083616 0.618356 0.091145
0 0.473934 0.480000 0.470196 0.490569 0.460625 0.496391 0.450951 0.490767 0.446500 0.480000 0.451097 0.468825 0.460625 0.464937 0.470357 0.469781
0 0.481701 0.599167 0.476982 0.619209 0.460000 0.627915 0.443069 0.619179 0.433892 0.599167 0.442127 0.580047 0.460000 0.572368 0.475295 0.580109
0 0.624855 0.080000 0.615091 0.102772 0.597500 0.108842 0.577800 0.101421 0.570537 0.080000 0.580506 0.059027 0.597500 0.050171 0.617024 0.056738
0 0.296289 0.547500 0.292659 0.563746 0.280625 0.571212 0.267611 0.564160 0.262995 0.547500 0.269356 0.531813 0.280625 0.523504 0.292515 0.528717
0 0.597701 0.160833 0.590932 0.177910 0.576875 0.184605 0.562501 0.180319 0.556736 0.160833 0.562233 0.143055 0.576875 0.137321 0.591459 0.142381
0 0.294125 0.448333 0.287794 0.466251 0.274375 0.473658 0.262127 0.467648 0.256129 0.448333 0.261613 0.430853 0.274375 0.423586 0.286877 0.430823
0 0.806014 0.375833 0.800411 0.394121 0.789375 0.401116 0.776504 0.393853 0.772529 0.375833 0.778506 0.356786 0.789375 0.351493 0.802276 0.358171
0 0.523073 0.199167 0.517219 0.225605 0.505625 0.232475 0.491800 0.224674 0.487524 0.199167 0.494010 0.174836 0.505625 0.165530 0.519566 0.173503
0 0.633024 0.472500 0.628601 0.489648 0.614375 0.494249 0.600702 0.488900 0.591722 0.472500 0.600103 0.455655 0.614375 0.448515 0.629639 0.457899
0 0.366799 0.173333 0.358314 0.195246 0.346250 0.203862 0.331777 0.194828 0.328147 0.173333 0.332982 0.152584 0.346250 0.147537 0.359577 0.155175
0 0.679497 0.687500 0.673841 0.708887 0.658125 0.716616 0.642981 0.706009 0.635642 0.687500 0.643969 0.666405 0.658125 0.657724 0.672218 0.669449
0 0.402608 0.122500 0.396580 0.143694 0.384375 0.150116 0.370612 0.140651 0.365195 0.122500 0.371582 0.101388 0.384375 0.096639 0.397895 0.104086
0 0.447560 0.611667 0.439095 0.634253 0.426250 0.642254 0.413055 0.634093 0.404606 0.611667 0.411599 0.590292 0.426250 0.575557 0.441076 0.590357
0 0.630658 0.467500 0.623982 0.488762 0.609375 0.496975 0.595269 0.486072 0.591465 0.467500 0.596064 0.448505 0.609375 0.437762 0.621955 0.445757
0 0.370818 0.525000 0.364769 0.544901 0.351875 0.551253 0.337368 0.545265 0.333829 0.525000 0.337741 0.503876 0.351875 0.495654 0.365891 0.503521
1 0.707778 0.205362 0.696944 0.248878 0.667609 0.271878 0.642409 0.252061 0.628625 0.205362 0.638512 0.161065 0.667609 0.146118 0.697908 0.161483
