0 0.529194 0.755833 0.524577 0.776369 0.506250 0.786806 0.489836 0.774541 0.483327 0.755833 0.488366 0.736175 0.506250 0.728190 0.524275 0.736773
0 0.379079 0.335833 0.372785 0.358536 0.353750 0.372735 0.334379 0.361514 0.328078 0.335833 0.336917 0.311054 0.353750 0.302436 0.371533 0.313399
0 0.486004 0.099167 0.482186 0.124604 0.468125 0.136741 0.456119 0.123991 0.448679 0.099167 0.454100 0.074534 0.468125 0.060304 0.481269 0.071641
0 0.396734 0.594167 0.389250 0.616060 0.374375 0.628518 0.359235 0.619003 0.354237 0.594167 0.358398 0.573196 0.374375 0.564891 0.388028 0.571530
0 0.731230 0.439167 0.724895 0.462591 0.707500 0.467212 0.690428 0.461365 0.683345 0.439167 0.691560 0.417835 0.707500 0.406114 0.725619 0.416587
0 0.559591 0.210000 0.554263 0.229611 0.539375 0.237742 0.526498 0.231116 0.521486 0.210000 0.525295 0.188868 0.539375 0.184041 0.554300 0.190079
0 0.446646 0.387500 0.439512 0.403680 0.424375 0.411385 0.409929 0.403444 0.403576 0.387500 0.410326 0.373056 0.424375 0.364892 0.438547 0.370444
0 0.518677 0.346667 0.514126 0.369703 0.500625 0.378323 0.487339 0.367312 0.482863 0.346667 0.488260 0.325357 0.500625 0.315859 0.513265 0.324912
0 0.727518 0.494167 0.720822 0.510400 0.702500 0.520364 0.684492 0.510967 0.676776 0.494167 0.683689 0.475542 0.702500 0.472131 0.723639 0.477667
0 0.508471 0.387500 0.500421 0.404560 0.486875 0.410563 0.471987 0.403944 0.466096 0.387500 0.473631 0.371596 0.486875 0.364932 0.500569 0.370309
0 0.759734 0.322500 0.755069 0.344525 0.736875 0.358166 0.719992 0.345194 0.713354 0.322500 0.720883 0.300724 0.736875 0.291245 0.755684 0.300140
0 0.404621 0.540833 0.399161 0.561602 0.383125 0.573446 0.367275 0.562007 0.362305 0.540833 0.366183 0.519943 0.383125 0.506884 0.400587 0.517292
0 0.510748 0.252500 0.504914 0.272883 0.491250 0.281845 0.476657 0.271052 0.469824 0.252500 0.477067 0.232655 0.491250 0.225143 0.504292 0.233243
0 0.368518 0.480000 0.364336 0.501899 0.349375 0.509590 0.335183 0.500846 0.330781 0.480000 0.335186 0.457065 0.349375 0.450675 0.365119 0.459804
0 0.440317 0.345000 0.434620 0.361406 0.417500 0.368327 0.400116 0.364437 0.395618 0.345000 0.402673 0.328478 0.417500 0.322347 0.434388 0.327713
0 0.584842 0.708333 0.578306 0.730292 0.563750 0.738394 0.550090 0.729163 0.542876 0.708333 0.551022 0.685622 0.563750 0.675265 0.578013 0.685246
0 0.782136 0.561667 0.776338 0.580219 0.761250 0.588755 0.745873 0.580032 0.740381 0.561667 0.746789 0.541625 0.761250 0.531674 0.776582 0.542389
0 0.458849 0.260833 0.453544 0.279390 0.435625 0.288710 0.419255 0.280332 0.410713 0.260833 0.418252 0.242532 0.435625 0.235043 0.452389 0.242866
0 0.521704 0.115000 0.517440 0.139307 0.503125 0.146088 0.489617 0.137259 0.484308 0.115000 0.488432 0.091039 0.503125 0.079913 0.517508 0.093776
0 0.719463 0.544167 0.713728 0.564209 0.693750 0.569204 0.674138 0.561538 0.668375 0.544167 0.676816 0.524349 0.693750 0.517370 0.713862 0.524815
0 0.345071 0.270833 0.338666 0.299997 0.322500 0.308006 0.308318 0.295472 0.301873 0.270833 0.308485 0.243873 0.322500 0.235188 0.337571 0.243140
0 0.592767 0.648333 0.586580 0.670008 0.573750 0.677680 0.560276 0.670460 0.555516 0.648333 0.558622 0.625689 0.573750 0.619353 0.587296 0.627164
0 0.397931 0.186667 0.391691 0.211180 0.376875 0.224863 0.360687 0.215667 0.355111 0.186667 0.359435 0.159734 0.376875 0.149307 0.391932 0.161584
0 0.760496 0.515833 0.755768 0.538157 0.736875 0.546659 0.718490 0.539027 0.712600 0.515833 0.719422 0.493141 0.736875 0.484724 0.752835 0.493193
0 0.446351 0.680000 0.437736 0.697424 0.423750 0.704512 0.407762 0.696135 0.403568 0.680000 0.408694 0.662356 0.423750 0.657212 0.437648 0.660616
0 0.495181 0.312500 0.489532 0.332611 0.476250 0.346044 0.463492 0.336275 0.458624 0.312500 0.464646 0.288678 0.476250 0.282837 0.487534 0.291036
0 0.762375 0.400833 0.755897 0.418562 0.735625 0.428689 0.714703 0.419151 0.707083 0.400833 0.714715 0.383695 0.735625 0.372968 0.753858 0.381145
0 0.338249 0.542500 0.332975 0.564423 0.319375 0.572002 0.305309 0.562124 0.300621 0.542500 0.306473 0.523546 0.319375 0.512410 0.333111 0.523203
0 0.562896 0.082500 0.554480 0.106665 0.538750 0.117150 0.521906 0.107956 0.514064 0.082500 0.521861 0.056175 0.538750 0.044933 0.553832 0.059645
0 0.655709 0.574167 0.649850 0.594491 0.635000 0.602027 0.619396 0.593062 0.613757 0.574167 0.620859 0.556359 0.635000 0.544476 0.649183 0.553676
0 0.472533 0.453333 0.464700 0.472144 0.451875 0.477843 0.438757 0.470769 0.431138 0.453333 0.437132 0.435977 0.451875 0.428949 0.465940 0.435133
0 0.687919 0.520833 0.681742 0.540576 0.666250 0.550540 0.650332 0.542349 0.644696 0.520833 0.650173 0.501146 0.666250 0.491448 0.682859 0.501165
0 0.407425 0.490000 0.401182 0.512058 0.387500 0.523995 0.372103 0.513815 0.365905 0.490000 0.372091 0.465460 0.387500 0.460761 0.401020 0.469709
0 0.374985 0.555000 0.368245 0.575702 0.355000 0.585862 0.343022 0.575692 0.335557 0.555000 0.342292 0.535135 0.355000 0.525760 0.367592 0.535089
0 0.589398 0.286667 0.582017 0.305678 0.566875 0.311034 0.551400 0.306392 0.543055 0.286667 0.549404 0.266197 0.566875 0.261905 0.583598 0.266687
0 0.595181 0.464167 0.588933 0.481884 0.573125 0.488624 0.559893 0.480474 0.552596 0.464167 0.558724 0.445414 0.573125 0.439262 0.587074 0.447975
0 0.579282 0.320000 0.573120 0.338927 0.559375 0.345121 0.545730 0.340442 0.537255 0.320000 0.546171 0.300018 0.559375 0.293956 0.572580 0.302267
0 0.472053 0.217500 0.468423 0.238697 0.453750 0.251730 0.440513 0.242268 0.435577 0.217500 0.439684 0.192981 0.453750 0.186027 0.467965 0.195810
0 0.480086 0.689167 0.474551 0.705619 0.460625 0.713708 0.447402 0.708537 0.440257 0.689167 0.445566 0.670192 0.460625 0.662550 0.473364 0.671285
0 0.531941 0.540833 0.525956 0.569525 0.498750 0.580249 0.475096 0.565292 0.464138 0.540833 0.475100 0.514307 0.498750 0.505694 0.523824 0.512214
0 0.472310 0.510833 0.466718 0.534230 0.453125 0.544683 0.440404 0.533028 0.436018 0.510833 0.439987 0.487031 0.453125 0.476744 0.467182 0.488046
0 0.395850 0.252500 0.390588 0.276481 0.376875 0.284774 0.365307 0.277360 0.358360 0.252500 0.364333 0.230009 0.376875 0.219227 0.390521 0.229686
0 0.765948 0.445000 0.758367 0.466232 0.743750 0.472422 0.729890 0.467345 0.723845 0.445000 0.729204 0.425354 0.743750 0.416843 0.757375 0.421966
0 0.705052 0.596667 0.699064 0.621844 0.675000 0.627635 0.649838 0.619893 0.643964 0.596667 0.653294 0.573520 0.675000 0.560748 0.698561 0.572792
0 0.747454 0.577500 0.737935 0.597041 0.718125 0.603833 0.697738 0.597252 0.691974 0.577500 0.699634 0.556268 0.718125 0.545750 0.737193 0.556833
0 0.339212 0.331667 0.333372 0.350701 0.316250 0.362211 0.301311 0.351023 0.294909 0.331667 0.301595 0.311093 0.316250 0.300864 0.330616 0.309740
0 0.667188 0.114167 0.658831 0.137722 0.643125 0.145498 0.626957 0.134824 0.618058 0.114167 0.625853 0.091355 0.643125 0.083336 0.660875 0.092579
0 0.473070 0.401667 0.468388 0.421544 0.455000 0.429169 0.442726 0.421828 0.436615 0.401667 0.441640 0.384423 0.455000 0.373202 0.466365 0.382850
0 0.556368 0.733333 0.550519 0.754056 0.535625 0.759759 0.523204 0.751490 0.518169 0.733333 0.520566 0.713433 0.535625 0.703104 0.548475 0.715101
0 0.435621 0.462500 0.429715 0.477608 0.413750 0.483421 0.399417 0.477535 0.391892 0.462500 0.397625 0.447363 0.413750 0.440781 0.429428 0.446515
0 0.517600 0.204167 0.509964 0.220986 0.493125 0.224621 0.475154 0.221364 0.466487 0.204167 0.475936 0.188009 0.493125 0.181125 0.509606 0.188025
0 0.308129 0.511667 0.300407 0.535193 0.285625 0.541726 0.270176 0.536228 0.264300 0.511667 0.270435 0.487846 0.285625 0.480026 0.300647 0.487723
0 0.566792 0.145833 0.560121 0.172223 0.543125 0.179937 0.526510 0.169257 0.522853 0.145833 0.527353 0.121740 0.543125 0.111694 0.557445 0.121646
0 0.325584 0.458333 0.320751 0.479666 0.305625 0.485563 0.291345 0.476436 0.284485 0.458333 0.291248 0.437879 0.305625 0.427437 0.321172 0.439627
0 0.554763 0.336667 0.550810 0.352226 0.535000 0.358183 0.521178 0.353939 0.512363 0.336667 0.520637 0.319265 0.535000 0.315257 0.549880 0.319032
0 0.487845 0.352500 0.480348 0.368697 0.463750 0.374949 0.446981 0.370865 0.443044 0.352500 0.449272 0.336518 0.463750 0.329029 0.480288 0.335456
0 0.644739 0.251667 0.636085 0.267371 0.621250 0.275289 0.606351 0.267016 0.599201 0.251667 0.605325 0.234005 0.621250 0.229008 0.637523 0.234939
0 0.441416 0.595833 0.436005 0.612444 0.418750 0.620667 0.401201 0.613077 0.392406 0.595833 0.400376 0.578631 0.418750 0.574012 0.437652 0.579005
0 0.409724 0.418333 0.402408 0.436207 0.388125 0.447178 0.374018 0.437409 0.367698 0.418333 0.373367 0.399441 0.388125 0.390206 0.403784 0.398265
0 0.559456 0.673333 0.552288 0.694107 0.537500 0.707094 0.521855 0.693496 0.515558 0.673333 0.522676 0.652702 0.537500 0.640954 0.551633 0.649546
0 0.421775 0.287500 0.416354 0.311144 0.402500 0.315375 0.389176 0.310343 0.384633 0.287500 0.388369 0.264256 0.402500 0.257341 0.415951 0.265074
0 0.355250 0.429167 0.348313 0.450245 0.330625 0.458326 0.315235 0.448820 0.306456 0.429167 0.313623 0.410793 0.330625 0.402030 0.345414 0.409177
0 0.604463 0.152500 0.597532 0.180648 0.585625 0.191987 0.572196 0.182336 0.568308 0.152500 0.572059 0.125169 0.585625 0.110918 0.597655 0.122290
0 0.423895 0.161667 0.415492 0.189962 0.401875 0.200910 0.386916 0.190089 0.380648 0.161667 0.387005 0.134504 0.401875 0.127622 0.417416 0.134255
0 0.501147 0.162500 0.496772 0.182699 0.479375 0.187336 0.462684 0.182209 0.455225 0.162500 0.462922 0.142063 0.479375 0.133934 0.494698 0.143491
0 0.431838 0.227500 0.426025 0.246740 0.410625 0.257710 0.395749 0.247301 0.390810 0.227500 0.396021 0.205530 0.410625 0.196520 0.427203 0.206540
0 0.618510 0.400833 0.615693 0.418340 0.601875 0.424393 0.588953 0.417971 0.583424 0.400833 0.589781 0.381913 0.601875 0.377193 0.613670 0.381490
0 0.462269 0.164167 0.456373 0.189904 0.442500 0.197993 0.427662 0.190973 0.419771 0.164167 0.426076 0.137238 0.442500 0.127000 0.456738 0.137262
0 0.590237 0.395000 0.582889 0.414210 0.569375 0.422560 0.554807 0.414057 0.551604 0.395000 0.554710 0.377745 0.569375 0.369722 0.582862 0.377769
0 0.311047 0.354167 0.305410 0.376094 0.291250 0.387373 0.277656 0.379426 0.270597 0.354167 0.276377 0.329600 0.291250 0.322559 0.305029 0.330348
0 0.354419 0.502500 0.345952 0.523652 0.328750 0.527261 0.310589 0.520802 0.304414 0.502500 0.309357 0.482918 0.328750 0.474687 0.347648 0.481714
0 0.442406 0.431667 0.437874 0.449209 0.423750 0.459478 0.409613 0.451717 0.403510 0.431667 0.409276 0.412697 0.423750 0.405774 0.438906 0.414444
0 0.666328 0.623333 0.657733 0.642629 0.640625 0.650148 0.622660 0.642690 0.611116 0.623333 0.620374 0.604878 0.640625 0.598340 0.658892 0.603451
0 0.805468 0.309167 0.796143 0.330969 0.782500 0.341213 0.768216 0.328379 0.760948 0.309167 0.766620 0.286708 0.782500 0.279623 0.797575 0.288332
0 0.325626 0.405000 0.316407 0.423922 0.300000 0.430369 0.284338 0.423321 0.277766 0.405000 0.283556 0.385801 0.300000 0.381423 0.317846 0.388891
0 0.390016 0.445833 0.385125 0.464718 0.369375 0.474961 0.353969 0.463767 0.348883 0.445833 0.355884 0.427229 0.369375 0.420439 0.383490 0.426544
0 0.578372 0.422500 0.570727 0.439751 0.553750 0.449773 0.537269 0.440584 0.529392 0.422500 0.537997 0.405814 0.553750 0.396685 0.569990 0.404043
0 0.753181 0.197500 0.749241 0.221185 0.733750 0.228571 0.717406 0.220710 0.710683 0.197500 0.718323 0.173012 0.733750 0.165469 0.747665 0.175165
0 0.717161 0.172500 0.705768 0.197065 0.685625 0.205426 0.665544 0.196494 0.655904 0.172500 0.666432 0.148275 0.685625 0.137906 0.708231 0.148377
0 0.717530 0.655000 0.712131 0.675055 0.694375 0.683630 0.675405 0.674897 0.669767 0.655000 0.677666 0.633448 0.694375 0.625936 0.710925 0.635115
0 0.363069 0.210833 0.357110 0.229441 0.342500 0.240717 0.328046 0.232687 0.320829 0.210833 0.327292 0.190014 0.342500 0.180421 0.358035 0.191173
0 0.559151 0.465000 0.551838 0.485444 0.537500 0.493517 0.523784 0.485385 0.515629 0.465000 0.523876 0.445021 0.537500 0.437300 0.550538 0.446698
0 0.709604 0.225833 0.697905 0.248653 0.670000 0.259350 0.641252 0.245691 0.635892 0.225833 0.641956 0.205030 0.670000 0.195462 0.696602 0.203112
0 0.547593 0.249167 0.543818 0.268715 0.529375 0.279390 0.516925 0.270023 0.511249 0.249167 0.514799 0.229856 0.529375 0.222281 0.542161 0.228737
0 0.604492 0.346667 0.596208 0.368347 0.581875 0.374289 0.567274 0.368747 0.563098 0.346667 0.568143 0.326381 0.581875 0.319116 0.596667 0.326609
0 0.542881 0.166667 0.536054 0.186006 0.522500 0.197307 0.507860 0.186382 0.499894 0.166667 0.507011 0.146712 0.522500 0.135646 0.536987 0.145159
0 0.623071 0.217500 0.619382 0.236257 0.603125 0.244106 0.586813 0.235286 0.580260 0.217500 0.586937 0.198800 0.603125 0.191954 0.618836 0.196246
0 0.361802 0.384167 0.356205 0.401453 0.336875 0.410795 0.318932 0.402844 0.313671 0.384167 0.320333 0.366887 0.336875 0.360468 0.354358 0.367577
0 0.337304 0.612500 0.330943 0.635492 0.318125 0.645293 0.305318 0.639147 0.300164 0.612500 0.305456 0.585477 0.318125 0.575537 0.330909 0.586085
0 0.367179 0.264167 0.361277 0.286799 0.346875 0.296166 0.334369 0.283903 0.328849 0.264167 0.334125 0.242191 0.346875 0.233289 0.360795 0.243934
0 0.359621 0.607500 0.355318 0.633558 0.343125 0.646848 0.329299 0.633484 0.324491 0.607500 0.329030 0.577373 0.343125 0.568573 0.355582 0.582051
0 0.436896 0.642500 0.430799 0.659093 0.416875 0.668336 0.403660 0.660274 0.396522 0.642500 0.402938 0.625722 0.416875 0.619790 0.429861 0.625830
0 0.548220 0.382500 0.542744 0.399971 0.526250 0.406027 0.511121 0.398420 0.504665 0.382500 0.511460 0.366887 0.526250 0.357167 0.540958 0.364827
0 0.637901 0.349167 0.631735 0.370882 0.616875 0.378307 0.599116 0.371622 0.591540 0.349167 0.600518 0.328875 0.616875 0.319886 0.634374 0.329049
0 0.616120 0.690000 0.609688 0.707593 0.593750 0.716939 0.578720 0.708275 0.572789 0.690000 0.576485 0.671339 0.593750 0.661031 0.610121 0.669493
0 0.398023 0.313333 0.389337 0.334039 0.372500 0.344962 0.355635 0.336031 0.347980 0.313333 0.352525 0.291620 0.372500 0.283979 0.390497 0.290683
0 0.401768 0.380000 0.397405 0.399418 0.381875 0.405968 0.366736 0.398741 0.362087 0.380000 0.365819 0.361025 0.381875 0.350744 0.396346 0.358740
0 0.642090 0.520000 0.637356 0.540553 0.625625 0.548727 0.613694 0.539011 0.608903 0.520000 0.613634 0.501814 0.625625 0.490576 0.639058 0.498472
0 0.442511 0.506667 0.436962 0.523783 0.423750 0.530875 0.408999 0.522968 0.405540 0.506667 0.408618 0.487455 0.423750 0.479711 0.436898 0.489573
0 0.451742 0.102500 0.447036 0.127818 0.431875 0.136339 0.417640 0.128933 0.411322 0.102500 0.417839 0.077424 0.431875 0.071708 0.445208 0.080256
0 0.591621 0.115000 0.587350 0.138996 0.571875 0.150339 0.557841 0.137016 0.551070 0.115000 0.558016 0.091925 0.571875 0.078907 0.586946 0.092667
0 0.616353 0.450000 0.611627 0.469070 0.598125 0.476523 0.584290 0.468952 0.579202 0.450000 0.583859 0.432484 0.598125 0.425181 0.612607 0.431776
0 0.522671 0.658333 0.518772 0.680824 0.506250 0.685762 0.494070 0.680863 0.487691 0.658333 0.494862 0.637964 0.506250 0.625595 0.517488 0.637680
0 0.800367 0.497500 0.795312 0.515433 0.775000 0.523865 0.754861 0.518619 0.747057 0.497500 0.756387 0.476209 0.775000 0.467377 0.796068 0.478025
0 0.402511 0.645000 0.395834 0.665004 0.378125 0.669656 0.361496 0.665072 0.354907 0.645000 0.361896 0.624550 0.378125 0.615997 0.394709 0.626250
0 0.410400 0.115000 0.405168 0.138182 0.389375 0.151494 0.375819 0.140254 0.369366 0.115000 0.374357 0.093039 0.389375 0.082268 0.404365 0.093131
0 0.633261 0.158333 0.627320 0.182513 0.615000 0.196083 0.602216 0.181986 0.597457 0.158333 0.603036 0.134429 0.615000 0.122673 0.628578 0.132541
0 0.640900 0.083333 0.632989 0.105732 0.618125 0.118701 0.603583 0.108799 0.594392 0.083333 0.601466 0.059318 0.618125 0.051387 0.632641 0.060224
0 0.632835 0.635833 0.626933 0.655480 0.610625 0.664095 0.595426 0.658490 0.589607 0.635833 0.595302 0.617179 0.610625 0.608359 0.624903 0.616768
0 0.694708 0.440000 0.686402 0.461323 0.668750 0.469755 0.650231 0.458712 0.642549 0.440000 0.651329 0.419170 0.668750 0.409967 0.686755 0.418444
0 0.787353 0.254167 0.779791 0.273516 0.761250 0.281041 0.742028 0.274372 0.734833 0.254167 0.743341 0.234760 0.761250 0.224360 0.779416 0.234249
0 0.724126 0.298333 0.718517 0.316508 0.701250 0.328695 0.686559 0.319523 0.680697 0.298333 0.683895 0.279880 0.701250 0.271408 0.715823 0.277885
0 0.689688 0.383333 0.679709 0.403301 0.653750 0.409079 0.626187 0.402016 0.616787 0.383333 0.626645 0.363014 0.653750 0.352666 0.680253 0.361971
0 0.533386 0.420000 0.529179 0.430834 0.516875 0.435849 0.502853 0.430683 0.500226 0.420000 0.504913 0.407313 0.516875 0.403604 0.528587 0.408673
0 0.654157 0.423333 0.646219 0.439731 0.631250 0.443955 0.617427 0.437679 0.611496 0.423333 0.617258 0.408807 0.631250 0.401442 0.646408 0.407638
0 0.509544 0.604167 0.503829 0.623434 0.490625 0.633780 0.478932 0.624979 0.473858 0.604167 0.476762 0.582657 0.490625 0.573579 0.503151 0.584209
0 0.540718 0.295833 0.532439 0.310352 0.515625 0.319619 0.498223 0.310696 0.491848 0.295833 0.496975 0.278434 0.515625 0.274584 0.532767 0.280998
0 0.510546 0.709167 0.507911 0.725755 0.491875 0.733325 0.478701 0.724562 0.471537 0.709167 0.476058 0.690908 0.491875 0.683083 0.506813 0.692847
0 0.415034 0.709167 0.409296 0.730311 0.395000 0.737688 0.381774 0.730419 0.375144 0.709167 0.381117 0.691215 0.395000 0.682343 0.408203 0.691481
0 0.489732 0.654167 0.485656 0.676934 0.474375 0.687929 0.463228 0.677646 0.457994 0.654167 0.462875 0.634196 0.474375 0.625122 0.486306 0.631111
0 0.503942 0.434167 0.497871 0.452930 0.481875 0.457787 0.466906 0.451689 0.463259 0.434167 0.468478 0.417659 0.481875 0.407922 0.495411 0.416185
0 0.684769 0.470000 0.675366 0.489486 0.655625 0.498452 0.635768 0.489435 0.625347 0.470000 0.633114 0.452626 0.655625 0.445874 0.676071 0.450599
0 0.746938 0.256667 0.738233 0.278373 0.720000 0.285747 0.700839 0.280102 0.692766 0.256667 0.701856 0.233253 0.720000 0.225153 0.738367 0.234011
0 0.457697 0.310833 0.451764 0.329797 0.436875 0.337933 0.420738 0.329563 0.412983 0.310833 0.420235 0.292292 0.436875 0.285789 0.453463 0.292855
0 0.572408 0.597500 0.560620 0.626760 0.536875 0.642432 0.514695 0.626576 0.502023 0.597500 0.511267 0.568449 0.536875 0.551752 0.561520 0.567036
0 0.455569 0.723333 0.447577 0.738280 0.433125 0.745624 0.418291 0.739916 0.410352 0.723333 0.418675 0.705185 0.433125 0.698544 0.448894 0.705341
0 0.666423 0.383333 0.660313 0.402098 0.642500 0.411884 0.623825 0.403649 0.617754 0.383333 0.622338 0.362812 0.642500 0.357474 0.662234 0.364056
0 0.626633 0.294167 0.617279 0.316474 0.602500 0.321481 0.585001 0.315541 0.580980 0.294167 0.585543 0.274242 0.602500 0.262411 0.617141 0.271902
0 0.680563 0.333333 0.674911 0.348986 0.656250 0.355891 0.637108 0.348392 0.629939 0.333333 0.640131 0.317391 0.656250 0.308098 0.675271 0.317434
0 0.609076 0.501667 0.605299 0.520332 0.596250 0.530908 0.585653 0.519752 0.581554 0.501667 0.585638 0.481830 0.596250 0.475403 0.605355 0.482530
0 0.297637 0.445000 0.287830 0.473213 0.271875 0.483583 0.256034 0.472309 0.246769 0.445000 0.254553 0.419412 0.271875 0.407250 0.287936 0.421312
0 0.625825 0.547500 0.618445 0.562454 0.604375 0.569036 0.588683 0.564640 0.582346 0.547500 0.587885 0.530573 0.604375 0.525975 0.620746 0.531919
0 0.470219 0.635000 0.464826 0.655816 0.452500 0.665197 0.441036 0.657028 0.436222 0.635000 0.439369 0.613085 0.452500 0.602749 0.465352 0.614420
0 0.732423 0.369167 0.725786 0.386412 0.708750 0.395816 0.689229 0.388224 0.681944 0.369167 0.690598 0.349690 0.708750 0.341186 0.725857 0.351031
0 0.482640 0.740833 0.476611 0.756400 0.463125 0.766838 0.451118 0.758700 0.443821 0.740833 0.451559 0.722159 0.463125 0.716998 0.476537 0.724645
0 0.482324 0.590000 0.476363 0.614448 0.462500 0.619467 0.448574 0.611926 0.444199 0.590000 0.447980 0.567979 0.462500 0.556461 0.476635 0.565776
0 0.593355 0.219167 0.588459 0.248124 0.573750 0.262479 0.559033 0.245286 0.551564 0.219167 0.559492 0.190294 0.573750 0.175472 0.588142 0.188819
0 0.655674 0.290833 0.650380 0.308952 0.635000 0.317983 0.620762 0.308570 0.615918 0.290833 0.619642 0.272181 0.635000 0.266609 0.650496 0.273135
0 0.537607 0.486667 0.531609 0.501178 0.516875 0.506629 0.502034 0.503500 0.497575 0.486667 0.501877 0.470211 0.516875 0.466548 0.531229 0.472102
0 0.748656 0.629167 0.742214 0.648683 0.726875 0.654883 0.711753 0.646788 0.705150 0.629167 0.711182 0.610706 0.726875 0.601884 0.744323 0.610343
0 0.518041 0.455000 0.511309 0.474751 0.494375 0.480640 0.478720 0.472989 0.468954 0.455000 0.478128 0.434837 0.494375 0.430872 0.509758 0.435544
0 0.651783 0.732500 0.645354 0.752921 0.629375 0.762240 0.612331 0.751637 0.604667 0.732500 0.613286 0.711926 0.629375 0.703096 0.646041 0.713467
0 0.556293 0.534167 0.552953 0.553709 0.543750 0.564206 0.534185 0.556598 0.530330 0.534167 0.534718 0.514296 0.543750 0.505733 0.552816 0.515072
0 0.584371 0.537500 0.580674 0.563710 0.570625 0.579057 0.561065 0.564837 0.556973 0.537500 0.559823 0.511103 0.570625 0.499489 0.580964 0.511609
0 0.619149 0.593333 0.609787 0.616338 0.592500 0.629524 0.575097 0.618411 0.569162 0.593333 0.573806 0.566634 0.592500 0.559668 0.611517 0.569200
0 0.693702 0.285000 0.687868 0.303234 0.672500 0.311108 0.657491 0.305295 0.650531 0.285000 0.658824 0.263035 0.672500 0.255536 0.686721 0.264840
0 0.672097 0.170833 0.665211 0.191846 0.650000 0.199095 0.632907 0.192245 0.627509 0.170833 0.632748 0.150776 0.650000 0.139601 0.664593 0.150653
0 0.328303 0.206667 0.322466 0.225842 0.310625 0.232659 0.298955 0.226917 0.292101 0.206667 0.297958 0.186124 0.310625 0.180954 0.323298 0.189345
0 0.314364 0.280000 0.307673 0.304976 0.293125 0.318988 0.278443 0.308465 0.274473 0.280000 0.278580 0.255587 0.293125 0.240057 0.307582 0.252295
0 0.584893 0.501667 0.577094 0.514083 0.561250 0.521796 0.546034 0.514685 0.538667 0.501667 0.546546 0.488490 0.561250 0.484896 0.578691 0.488937
0 0.586349 0.531667 0.578735 0.560397 0.562500 0.575864 0.547328 0.559816 0.540240 0.531667 0.547717 0.504065 0.562500 0.487035 0.579970 0.498183
0 0.499147 0.498333 0.495670 0.517378 0.482500 0.523901 0.470283 0.517136 0.466569 0.498333 0.471134 0.479579 0.482500 0.469585 0.495415 0.479950
0 0.663571 0.224167 0.658204 0.246544 0.645000 0.254452 0.629607 0.243485 0.624364 0.224167 0.631496 0.202286 0.645000 0.192608 0.659291 0.203606
0 0.646373 0.479167 0.642608 0.494802 0.626250 0.500302 0.611144 0.492800 0.603224 0.479167 0.610482 0.464441 0.626250 0.459953 0.640255 0.464334
0 0.519968 0.446667 0.508021 0.469417 0.490000 0.481374 0.470439 0.470886 0.465248 0.446667 0.470978 0.421289 0.490000 0.412515 0.508108 0.421423
0 0.508764 0.602500 0.501980 0.624912 0.481250 0.635785 0.462845 0.625289 0.453567 0.602500 0.462403 0.580512 0.481250 0.571426 0.502455 0.581110
0 0.667365 0.163333 0.661403 0.178471 0.646875 0.184751 0.634468 0.181147 0.627998 0.163333 0.634029 0.147428 0.646875 0.137698 0.659897 0.146173
0 0.685431 0.718333 0.677057 0.736121 0.660625 0.742360 0.644193 0.736595 0.639259 0.718333 0.643786 0.701820 0.660625 0.694096 0.677007 0.699601
0 0.693594 0.382500 0.683904 0.402506 0.664375 0.410072 0.644808 0.402229 0.637981 0.382500 0.643047 0.361906 0.664375 0.356258 0.686121 0.364136
0 0.636247 0.686667 0.631363 0.704461 0.618125 0.707888 0.605060 0.701541 0.599013 0.686667 0.604249 0.670263 0.618125 0.664360 0.630913 0.670064
0 0.655094 0.291667 0.646403 0.309926 0.623125 0.318357 0.601717 0.310532 0.591762 0.291667 0.599596 0.273156 0.623125 0.262702 0.644363 0.272552
0 0.610590 0.738333 0.605653 0.752808 0.591875 0.759089 0.579262 0.754274 0.570619 0.738333 0.577433 0.721970 0.591875 0.715747 0.604358 0.721935
0 0.648954 0.510833 0.640277 0.540659 0.626875 0.550343 0.613664 0.536355 0.605238 0.510833 0.612155 0.484661 0.626875 0.472694 0.640652 0.484209
0 0.787990 0.441667 0.784835 0.454964 0.775625 0.461201 0.768035 0.455032 0.764529 0.441667 0.766747 0.428517 0.775625 0.422100 0.783525 0.426488
0 0.673268 0.180833 0.669330 0.198717 0.655625 0.206743 0.641608 0.196980 0.637249 0.180833 0.643932 0.162759 0.655625 0.154678 0.667492 0.164757
0 0.596137 0.062500 0.592482 0.083416 0.575000 0.089510 0.558284 0.080257 0.552458 0.062500 0.559964 0.041590 0.575000 0.032369 0.590460 0.041384
0 0.616719 0.608333 0.607652 0.626574 0.591875 0.633996 0.574538 0.629206 0.569882 0.608333 0.575214 0.589923 0.591875 0.580275 0.609722 0.589940
0 0.816458 0.413333 0.812327 0.434241 0.798750 0.442986 0.786514 0.433958 0.781664 0.413333 0.784589 0.391842 0.798750 0.383854 0.811668 0.390898
0 0.670475 0.671667 0.664912 0.688172 0.648750 0.694564 0.632328 0.686868 0.626103 0.671667 0.630923 0.655570 0.648750 0.647600 0.666365 0.655728
0 0.490709 0.646667 0.482100 0.669609 0.467500 0.683840 0.451584 0.668974 0.446832 0.646667 0.452832 0.619648 0.467500 0.609191 0.483478 0.622616
0 0.638266 0.165000 0.631673 0.193548 0.618750 0.205909 0.606585 0.194666 0.600068 0.165000 0.604687 0.137378 0.618750 0.125410 0.631803 0.135573
0 0.637205 0.174167 0.631158 0.196454 0.619375 0.202422 0.605491 0.194233 0.601030 0.174167 0.605784 0.154486 0.619375 0.142456 0.632767 0.151837
0 0.394172 0.692500 0.388372 0.708838 0.375625 0.717128 0.361650 0.708543 0.357933 0.692500 0.363958 0.676315 0.375625 0.668868 0.388614 0.675579
1 0.575044 0.598333 0.559885 0.630493 0.537500 0.642143 0.514067 0.627051 0.504794 0.598333 0.511819 0.570717 0.537500 0.557243 0.562818 0.568842
0 0.503475 0.595000 0.495369 0.619604 0.475000 0.630883 0.454880 0.620847 0.445203 0.595000 0.454637 0.570511 0.475000 0.563187 0.497854 0.569094
0 0.781610 0.614167 0.774867 0.632628 0.761250 0.640047 0.746943 0.632237 0.740813 0.614167 0.747448 0.595497 0.761250 0.589327 0.774810 0.595716
0 0.566879 0.536667 0.564078 0.560989 0.548750 0.576535 0.533870 0.563768 0.528489 0.536667 0.534035 0.510051 0.548750 0.500372 0.562315 0.508298
