0 0.702622 0.145000 0.694573 0.176961 0.665625 0.194506 0.639497 0.181145 0.627985 0.145000 0.637331 0.114244 0.665625 0.102182 0.690207 0.113289
0 0.650893 0.480000 0.641416 0.500640 0.625625 0.507181 0.609751 0.503329 0.601071 0.480000 0.608654 0.459043 0.625625 0.450871 0.640389 0.459303
0 0.390192 0.490000 0.384724 0.517643 0.366875 0.526643 0.349205 0.514055 0.345185 0.490000 0.351278 0.465080 0.366875 0.452752 0.383785 0.462418
0 0.556999 0.144167 0.547191 0.168994 0.532500 0.175669 0.517195 0.167142 0.510223 0.144167 0.516469 0.120358 0.532500 0.107744 0.547207 0.119324
0 0.494353 0.147500 0.487602 0.175931 0.466250 0.186035 0.448658 0.175298 0.437263 0.147500 0.446719 0.118021 0.466250 0.111628 0.485001 0.118032
0 0.792731 0.461667 0.785588 0.484769 0.768750 0.493499 0.752589 0.484244 0.748246 0.461667 0.751852 0.442199 0.768750 0.431946 0.784575 0.438727
0 0.656083 0.272500 0.647410 0.294084 0.633750 0.303452 0.618579 0.294062 0.610948 0.272500 0.618088 0.251620 0.633750 0.245561 0.650025 0.250351
0 0.478546 0.282500 0.473389 0.304473 0.460625 0.310509 0.446811 0.303481 0.441298 0.282500 0.448171 0.263403 0.460625 0.251008 0.472995 0.263743
0 0.665161 0.122500 0.656584 0.143389 0.636250 0.150626 0.614712 0.144303 0.608159 0.122500 0.614443 0.103761 0.636250 0.090635 0.654841 0.103015
0 0.357568 0.540000 0.349791 0.560652 0.336250 0.564948 0.320284 0.557334 0.312970 0.540000 0.320573 0.521276 0.336250 0.510965 0.352130 0.522982
0 0.741622 0.222500 0.734554 0.250792 0.717500 0.265187 0.701153 0.250371 0.690076 0.222500 0.700989 0.195329 0.717500 0.181933 0.734550 0.194243
0 0.399197 0.440000 0.395464 0.460201 0.378750 0.467384 0.363043 0.459868 0.357371 0.440000 0.362475 0.422565 0.378750 0.412442 0.394764 0.421882
0 0.451388 0.376667 0.445075 0.393236 0.425625 0.399429 0.406872 0.393478 0.397669 0.376667 0.406723 0.358237 0.425625 0.352088 0.445651 0.359044
0 0.654412 0.410000 0.647841 0.430001 0.635625 0.438795 0.621583 0.431866 0.618316 0.410000 0.623371 0.391532 0.635625 0.382770 0.649659 0.388349
0 0.685089 0.675000 0.677858 0.697030 0.663125 0.706495 0.647707 0.699505 0.639117 0.675000 0.648271 0.654110 0.663125 0.641658 0.678828 0.654048
0 0.555953 0.535833 0.546741 0.555279 0.523125 0.560678 0.501922 0.555084 0.492984 0.535833 0.501180 0.515794 0.523125 0.509280 0.543186 0.519172
0 0.432856 0.513333 0.424763 0.542482 0.406250 0.551958 0.384898 0.542940 0.377851 0.513333 0.386077 0.485388 0.406250 0.472526 0.426588 0.484827
0 0.539419 0.201667 0.533279 0.220183 0.518750 0.229061 0.502073 0.219085 0.496211 0.201667 0.503426 0.182236 0.518750 0.175905 0.533978 0.183779
0 0.389482 0.557500 0.383949 0.581737 0.364375 0.593492 0.346586 0.580988 0.338853 0.557500 0.347382 0.532045 0.364375 0.523713 0.382601 0.531470
0 0.651959 0.325000 0.647599 0.342262 0.633750 0.349586 0.619239 0.344291 0.616489 0.325000 0.619845 0.306280 0.633750 0.300595 0.647725 0.306297
0 0.595727 0.231667 0.586516 0.256063 0.570000 0.266074 0.551656 0.253282 0.545569 0.231667 0.551362 0.208703 0.570000 0.199624 0.587692 0.207215
0 0.356231 0.327500 0.349721 0.347068 0.335625 0.352069 0.320855 0.347573 0.316175 0.327500 0.321488 0.310031 0.335625 0.299666 0.351546 0.309770
0 0.442811 0.268333 0.435371 0.284722 0.418750 0.294018 0.401078 0.286916 0.397345 0.268333 0.400324 0.250595 0.418750 0.245489 0.436783 0.249325
0 0.537917 0.250000 0.528900 0.273869 0.507500 0.283217 0.483391 0.275121 0.474938 0.250000 0.487342 0.226769 0.507500 0.212301 0.529490 0.225083
0 0.686828 0.317500 0.681769 0.338256 0.668125 0.346214 0.652250 0.335793 0.648035 0.317500 0.653577 0.298032 0.668125 0.291269 0.682422 0.299810
0 0.440057 0.133333 0.435735 0.153838 0.423125 0.166846 0.411960 0.156624 0.405660 0.133333 0.410046 0.111079 0.423125 0.102767 0.435824 0.110732
0 0.528692 0.657500 0.522898 0.675266 0.507500 0.681721 0.490208 0.674155 0.484033 0.657500 0.491456 0.640888 0.507500 0.634906 0.523091 0.639347
0 0.627226 0.245000 0.620241 0.263371 0.605625 0.273682 0.592105 0.263682 0.585578 0.245000 0.590153 0.226447 0.605625 0.219697 0.619839 0.226588
0 0.410276 0.218333 0.404006 0.247066 0.386875 0.267792 0.370314 0.251652 0.364994 0.218333 0.371705 0.186068 0.386875 0.176209 0.403472 0.186994
0 0.681725 0.600000 0.673929 0.630620 0.659375 0.638475 0.645106 0.628990 0.636894 0.600000 0.642948 0.571860 0.659375 0.559268 0.674465 0.568322
0 0.581502 0.328333 0.575929 0.351717 0.565000 0.361594 0.553635 0.351980 0.548441 0.328333 0.553877 0.302816 0.565000 0.293417 0.577626 0.304829
0 0.489015 0.660833 0.480347 0.684099 0.460000 0.697657 0.437094 0.685171 0.425751 0.660833 0.439775 0.635477 0.460000 0.626453 0.481027 0.636616
0 0.490916 0.147500 0.487772 0.176800 0.475000 0.187604 0.462138 0.172477 0.458242 0.147500 0.461772 0.118692 0.475000 0.108694 0.486326 0.121781
0 0.603072 0.393333 0.597610 0.410516 0.584375 0.418855 0.571056 0.412130 0.567620 0.393333 0.570992 0.373898 0.584375 0.367957 0.596900 0.375390
0 0.366395 0.371667 0.357846 0.387683 0.341875 0.395672 0.325212 0.389276 0.320559 0.371667 0.325591 0.355219 0.341875 0.349884 0.357474 0.353823
0 0.622681 0.345000 0.616904 0.363144 0.600625 0.371928 0.585574 0.365665 0.577475 0.345000 0.586588 0.324366 0.600625 0.316443 0.616393 0.324517
0 0.692802 0.260000 0.686013 0.282312 0.671875 0.289498 0.656226 0.282315 0.647915 0.260000 0.654922 0.237628 0.671875 0.226120 0.688828 0.237981
0 0.525979 0.392500 0.520623 0.407110 0.508125 0.413928 0.495523 0.409116 0.490826 0.392500 0.494526 0.377843 0.508125 0.369082 0.520951 0.377872
0 0.686144 0.394167 0.680211 0.410931 0.666875 0.419463 0.652337 0.412067 0.646957 0.394167 0.654254 0.377297 0.666875 0.367797 0.680424 0.375292
0 0.632145 0.700000 0.622448 0.715930 0.607500 0.721518 0.591468 0.716848 0.585176 0.700000 0.593175 0.683945 0.607500 0.678948 0.623551 0.682319
0 0.521723 0.322500 0.516878 0.338328 0.504375 0.344953 0.491266 0.338868 0.484590 0.322500 0.490748 0.307622 0.504375 0.298276 0.517115 0.307820
0 0.751306 0.398333 0.744954 0.418117 0.728125 0.428990 0.710876 0.420745 0.704495 0.398333 0.710184 0.377380 0.728125 0.369329 0.747063 0.377141
0 0.788198 0.319167 0.782952 0.337711 0.763750 0.343998 0.747682 0.335672 0.738010 0.319167 0.745364 0.302214 0.763750 0.291525 0.781949 0.300547
0 0.496422 0.354167 0.490459 0.375386 0.475000 0.381601 0.459100 0.371755 0.455422 0.354167 0.459870 0.335880 0.475000 0.326258 0.488533 0.336014
0 0.752509 0.535000 0.746027 0.552375 0.729375 0.562492 0.712325 0.553051 0.705386 0.535000 0.712399 0.516798 0.729375 0.510037 0.747265 0.517795
0 0.325265 0.435000 0.319538 0.450218 0.303125 0.459147 0.288429 0.451141 0.279715 0.435000 0.286156 0.419005 0.303125 0.409449 0.317390 0.416974
0 0.576646 0.421667 0.571804 0.441071 0.558125 0.450136 0.543755 0.441237 0.538019 0.421667 0.544285 0.401984 0.558125 0.394111 0.571092 0.402960
0 0.346861 0.503333 0.338493 0.521005 0.325000 0.528521 0.310225 0.520744 0.303461 0.503333 0.312023 0.486535 0.325000 0.482238 0.340246 0.486204
0 0.346151 0.466667 0.339712 0.480022 0.321250 0.484911 0.305849 0.481135 0.298810 0.466667 0.303431 0.453586 0.321250 0.445282 0.338541 0.453528
0 0.606307 0.555000 0.597175 0.582860 0.578125 0.588071 0.560507 0.582127 0.551507 0.555000 0.558793 0.530742 0.578125 0.517281 0.597066 0.527889
0 0.555177 0.301667 0.549603 0.326404 0.535000 0.332857 0.519799 0.325855 0.514079 0.301667 0.520245 0.276085 0.535000 0.269903 0.548236 0.279961
0 0.672506 0.363333 0.666374 0.379911 0.650625 0.383526 0.637359 0.377343 0.629041 0.363333 0.634631 0.348519 0.650625 0.341472 0.665315 0.346554
0 0.357260 0.275000 0.345830 0.300711 0.329375 0.311457 0.310354 0.300901 0.304325 0.275000 0.310523 0.251089 0.329375 0.241899 0.347595 0.249872
0 0.752351 0.471667 0.747770 0.503549 0.727500 0.515139 0.707695 0.502850 0.701919 0.471667 0.708660 0.437238 0.727500 0.430646 0.747084 0.442373
0 0.638890 0.191667 0.632679 0.214497 0.616250 0.222292 0.600704 0.213269 0.593020 0.191667 0.599998 0.168728 0.616250 0.161495 0.630472 0.172385
0 0.604164 0.445833 0.599269 0.463849 0.585625 0.474874 0.572293 0.463717 0.566752 0.445833 0.571403 0.425359 0.585625 0.418944 0.599234 0.424468
0 0.618558 0.296667 0.612316 0.312859 0.596875 0.321132 0.582488 0.315131 0.574037 0.296667 0.580591 0.277590 0.596875 0.273829 0.611905 0.280225
0 0.749898 0.595833 0.737429 0.623325 0.719375 0.633822 0.699142 0.622520 0.691596 0.595833 0.700528 0.567610 0.719375 0.555985 0.739408 0.569902
0 0.478621 0.515833 0.470282 0.536796 0.455625 0.543974 0.441212 0.536188 0.434063 0.515833 0.440980 0.496001 0.455625 0.488312 0.472350 0.495944
0 0.537913 0.101667 0.533368 0.121777 0.515000 0.131185 0.496561 0.123529 0.491940 0.101667 0.496855 0.080181 0.515000 0.074850 0.534409 0.082527
0 0.377750 0.157500 0.373271 0.176148 0.357500 0.186271 0.343934 0.180148 0.335490 0.157500 0.342601 0.137508 0.357500 0.129668 0.372433 0.138178
0 0.725300 0.354167 0.720250 0.379307 0.705000 0.388337 0.688554 0.375495 0.683185 0.354167 0.690506 0.332616 0.705000 0.322708 0.721451 0.330856
0 0.481517 0.607500 0.474001 0.629796 0.454375 0.638324 0.435834 0.631228 0.425355 0.607500 0.435606 0.585746 0.454375 0.576420 0.473298 0.584499
0 0.407382 0.125000 0.398613 0.146039 0.381875 0.152734 0.364658 0.144171 0.359913 0.125000 0.363983 0.105679 0.381875 0.097465 0.399195 0.103565
0 0.593817 0.273333 0.587852 0.290448 0.571875 0.296730 0.556616 0.290904 0.546839 0.273333 0.555491 0.255196 0.571875 0.251340 0.587766 0.255461
0 0.492309 0.405833 0.485420 0.423339 0.465000 0.435120 0.443826 0.426358 0.434474 0.405833 0.446512 0.386483 0.465000 0.378873 0.484132 0.384716
0 0.397582 0.390000 0.391959 0.411504 0.375000 0.416498 0.358141 0.408957 0.349549 0.390000 0.358757 0.368664 0.375000 0.361924 0.391617 0.369480
0 0.370911 0.239167 0.364728 0.259698 0.350000 0.266228 0.334535 0.259493 0.328960 0.239167 0.333417 0.218826 0.350000 0.211434 0.366805 0.220301
0 0.632329 0.375000 0.628698 0.394890 0.613750 0.403187 0.600495 0.392009 0.592050 0.375000 0.600916 0.354628 0.613750 0.346499 0.626864 0.355358
0 0.592491 0.612500 0.589101 0.636079 0.574375 0.641042 0.559542 0.634571 0.556818 0.612500 0.559846 0.591132 0.574375 0.583051 0.588469 0.589966
0 0.494434 0.085000 0.487664 0.103689 0.475000 0.109212 0.460573 0.103579 0.454931 0.085000 0.461190 0.065991 0.475000 0.055765 0.487994 0.066716
0 0.536430 0.351667 0.529741 0.367030 0.515625 0.375479 0.499955 0.367876 0.496172 0.351667 0.500074 0.334595 0.515625 0.326479 0.529391 0.333653
0 0.635751 0.430833 0.628237 0.448928 0.611875 0.459323 0.597293 0.450631 0.590180 0.430833 0.596659 0.413317 0.611875 0.405764 0.628271 0.410647
0 0.436055 0.217500 0.430722 0.236684 0.420625 0.244460 0.409909 0.234004 0.403633 0.217500 0.410630 0.199533 0.420625 0.193349 0.431296 0.199831
0 0.394204 0.280000 0.390963 0.298900 0.375625 0.308655 0.362445 0.299683 0.355732 0.280000 0.361575 0.260372 0.375625 0.253580 0.390142 0.262991
0 0.566008 0.498333 0.556447 0.515711 0.540000 0.526387 0.522297 0.515324 0.515862 0.498333 0.523344 0.480081 0.540000 0.473035 0.555865 0.481120
0 0.417266 0.160000 0.410123 0.178707 0.398750 0.190007 0.386875 0.178351 0.380456 0.160000 0.387259 0.137965 0.398750 0.132768 0.412122 0.141246
0 0.316851 0.508333 0.312319 0.525466 0.298125 0.537276 0.284984 0.528301 0.279801 0.508333 0.283233 0.488897 0.298125 0.482544 0.312064 0.490089
0 0.613231 0.497500 0.605058 0.518338 0.588750 0.526500 0.571160 0.517706 0.564410 0.497500 0.571385 0.479478 0.588750 0.471566 0.604749 0.476233
0 0.720293 0.298333 0.713213 0.322822 0.698125 0.338097 0.683858 0.323248 0.674615 0.298333 0.683421 0.268722 0.698125 0.257459 0.714745 0.273798
0 0.309998 0.397500 0.306477 0.414270 0.293750 0.423178 0.282297 0.414159 0.275248 0.397500 0.280388 0.380031 0.293750 0.375200 0.305541 0.380874
0 0.665460 0.220000 0.657854 0.237653 0.643750 0.243375 0.630619 0.239087 0.625002 0.220000 0.629175 0.201265 0.643750 0.195491 0.658162 0.201835
0 0.501955 0.297500 0.498256 0.317098 0.486250 0.323416 0.475160 0.316842 0.469034 0.297500 0.475738 0.279536 0.486250 0.269555 0.497921 0.277996
0 0.782387 0.589167 0.778598 0.608274 0.763750 0.615548 0.748339 0.609488 0.744422 0.589167 0.750346 0.567797 0.763750 0.561826 0.778929 0.569704
0 0.564220 0.611667 0.557201 0.634252 0.539375 0.642962 0.522408 0.630809 0.514287 0.611667 0.522574 0.589655 0.539375 0.582925 0.556689 0.589124
0 0.795931 0.535000 0.789418 0.557425 0.773750 0.569877 0.757377 0.559452 0.750791 0.535000 0.757608 0.511690 0.773750 0.502534 0.788978 0.513314
0 0.444833 0.694167 0.434285 0.718000 0.415625 0.728636 0.395622 0.721562 0.386161 0.694167 0.396909 0.670862 0.415625 0.655699 0.434899 0.668376
0 0.514950 0.750833 0.506674 0.774416 0.489375 0.785303 0.470506 0.773180 0.463995 0.750833 0.469149 0.725756 0.489375 0.714337 0.507843 0.728509
0 0.718550 0.418333 0.714049 0.441708 0.699375 0.447449 0.685202 0.441013 0.679332 0.418333 0.685740 0.396578 0.699375 0.387201 0.713029 0.394708
0 0.632210 0.649167 0.628006 0.672300 0.605625 0.680974 0.585872 0.671807 0.576185 0.649167 0.583987 0.624908 0.605625 0.614671 0.625085 0.625070
0 0.628413 0.159167 0.618468 0.184691 0.603125 0.201332 0.587176 0.188260 0.580741 0.159167 0.587739 0.132776 0.603125 0.121011 0.618624 0.130037
0 0.401058 0.621667 0.392252 0.650767 0.375625 0.661038 0.356982 0.651010 0.350797 0.621667 0.359663 0.589610 0.375625 0.581809 0.393734 0.590718
0 0.465318 0.559167 0.457795 0.578623 0.445000 0.586827 0.431350 0.577765 0.425905 0.559167 0.430417 0.542117 0.445000 0.535754 0.458699 0.542260
0 0.346453 0.394167 0.340111 0.413781 0.325625 0.426189 0.309079 0.414026 0.303538 0.394167 0.309300 0.374483 0.325625 0.364006 0.342199 0.372208
0 0.498702 0.498333 0.493979 0.515485 0.481250 0.523608 0.468454 0.516604 0.463066 0.498333 0.467349 0.481041 0.481250 0.473423 0.493256 0.479496
0 0.362053 0.440000 0.357012 0.459318 0.343125 0.465094 0.328980 0.460258 0.321677 0.440000 0.328450 0.423026 0.343125 0.414217 0.357678 0.419687
0 0.456395 0.321667 0.447716 0.345560 0.430625 0.354353 0.412971 0.345385 0.407721 0.321667 0.414057 0.298294 0.430625 0.287093 0.448490 0.299680
0 0.565314 0.370833 0.561513 0.388586 0.546875 0.395402 0.533990 0.388069 0.526788 0.370833 0.534113 0.353819 0.546875 0.345071 0.560746 0.354220
0 0.346918 0.573333 0.342736 0.601144 0.318750 0.613343 0.296373 0.597406 0.286682 0.573333 0.296485 0.548546 0.318750 0.536296 0.339215 0.548957
0 0.745055 0.283333 0.737759 0.305536 0.724375 0.318507 0.709926 0.307795 0.704994 0.283333 0.711804 0.259284 0.724375 0.252109 0.739348 0.261942
0 0.494087 0.457500 0.488653 0.474690 0.474375 0.481181 0.460395 0.475906 0.453226 0.457500 0.459424 0.441771 0.474375 0.435722 0.487877 0.438854
0 0.808140 0.481667 0.804228 0.501974 0.788750 0.510112 0.773938 0.501156 0.767571 0.481667 0.775672 0.459761 0.788750 0.452286 0.803121 0.461068
0 0.800195 0.386667 0.791907 0.405282 0.776250 0.415997 0.759018 0.407385 0.751226 0.386667 0.759453 0.369137 0.776250 0.358513 0.791886 0.367829
0 0.721195 0.639167 0.708701 0.665639 0.689375 0.682657 0.668056 0.667356 0.661790 0.639167 0.667121 0.609264 0.689375 0.595183 0.711130 0.608022
0 0.575307 0.653333 0.570116 0.667502 0.554375 0.675718 0.539107 0.667834 0.535639 0.653333 0.539168 0.636568 0.554375 0.630444 0.569944 0.637341
0 0.628885 0.595000 0.622537 0.612743 0.609375 0.618750 0.594592 0.613985 0.590066 0.595000 0.596000 0.578991 0.609375 0.569098 0.624787 0.579088
0 0.303281 0.476667 0.294104 0.497307 0.278750 0.502711 0.264220 0.497825 0.258012 0.476667 0.263938 0.455777 0.278750 0.450046 0.295410 0.455096
0 0.769198 0.360000 0.762642 0.383651 0.745625 0.398204 0.729628 0.385683 0.722895 0.360000 0.729199 0.333226 0.745625 0.322931 0.764418 0.333545
0 0.456800 0.187500 0.449217 0.202742 0.434375 0.208609 0.419274 0.203361 0.415588 0.187500 0.418972 0.172312 0.434375 0.166869 0.450006 0.172377
0 0.707498 0.450833 0.698104 0.472084 0.672500 0.480177 0.645892 0.472072 0.634856 0.450833 0.649785 0.428810 0.672500 0.423562 0.698563 0.430333
0 0.796648 0.420833 0.791461 0.435312 0.771875 0.439093 0.753647 0.434418 0.744524 0.420833 0.752703 0.406955 0.771875 0.401439 0.788666 0.406255
0 0.499873 0.554167 0.493859 0.579295 0.479375 0.586748 0.465005 0.577638 0.460821 0.554167 0.466628 0.531631 0.479375 0.519372 0.493650 0.528307
0 0.602940 0.092500 0.599499 0.113024 0.580625 0.120643 0.564766 0.112204 0.555550 0.092500 0.563038 0.072995 0.580625 0.062018 0.598111 0.070266
0 0.594576 0.685000 0.587806 0.703007 0.575000 0.711876 0.561974 0.703298 0.553630 0.685000 0.559780 0.667095 0.575000 0.658038 0.589346 0.666672
0 0.624633 0.739167 0.620416 0.759921 0.595625 0.770701 0.571432 0.761209 0.561958 0.739167 0.572481 0.718295 0.595625 0.709097 0.617122 0.716300
0 0.516330 0.610833 0.510927 0.628237 0.497500 0.636613 0.484185 0.628539 0.478610 0.610833 0.483637 0.595352 0.497500 0.588780 0.510865 0.594703
0 0.521671 0.150833 0.517167 0.168513 0.507500 0.176275 0.496430 0.169110 0.492427 0.150833 0.496957 0.131605 0.507500 0.125956 0.517569 0.134178
0 0.547090 0.410833 0.544533 0.427462 0.531875 0.432815 0.519565 0.426103 0.516662 0.410833 0.521095 0.394928 0.531875 0.389403 0.543805 0.396145
0 0.408275 0.341667 0.403752 0.361595 0.388125 0.367636 0.374130 0.361819 0.367953 0.341667 0.372451 0.320841 0.388125 0.312149 0.401989 0.323123
1 0.709754 0.519167 0.699998 0.547329 0.670625 0.565097 0.644973 0.550754 0.631137 0.519167 0.644948 0.487813 0.670625 0.476772 0.696633 0.486848
0 0.487851 0.221667 0.483743 0.245091 0.467500 0.253017 0.451420 0.244739 0.443079 0.221667 0.451296 0.198620 0.467500 0.188968 0.482506 0.198722
0 0.582635 0.184167 0.575376 0.202302 0.560625 0.207295 0.546870 0.201962 0.538142 0.184167 0.547289 0.167413 0.560625 0.157703 0.575645 0.167220
0 0.440682 0.610833 0.431977 0.632709 0.415000 0.648356 0.397281 0.632940 0.389161 0.610833 0.398432 0.588146 0.415000 0.576707 0.434360 0.587028
0 0.548515 0.756667 0.544944 0.775505 0.530000 0.786007 0.515755 0.774840 0.508000 0.756667 0.517064 0.735974 0.530000 0.729585 0.542845 0.738231
0 0.597854 0.139167 0.589780 0.158717 0.573125 0.170740 0.556836 0.160131 0.550141 0.139167 0.555674 0.120586 0.573125 0.111301 0.589070 0.120495
0 0.561687 0.445000 0.548771 0.463320 0.525000 0.471461 0.501024 0.464850 0.490001 0.445000 0.502330 0.424990 0.525000 0.419357 0.547990 0.427850
0 0.465566 0.235833 0.459412 0.255382 0.448125 0.263394 0.436117 0.256650 0.430745 0.235833 0.436379 0.214115 0.448125 0.207390 0.460038 0.215323
0 0.440120 0.593333 0.435903 0.627607 0.415625 0.649227 0.395850 0.631842 0.386520 0.593333 0.396373 0.554790 0.415625 0.546090 0.434573 0.555908
0 0.760504 0.643333 0.752841 0.662965 0.739375 0.673659 0.723613 0.664116 0.719880 0.643333 0.723997 0.623831 0.739375 0.617049 0.753691 0.623149
0 0.393319 0.694167 0.386923 0.713980 0.372500 0.723621 0.357354 0.716718 0.352324 0.694167 0.359145 0.673957 0.372500 0.665593 0.386317 0.674450
0 0.521780 0.576667 0.516485 0.593412 0.503750 0.601644 0.490131 0.594241 0.481840 0.576667 0.490853 0.558708 0.503750 0.553398 0.516667 0.558635
0 0.556848 0.705833 0.543046 0.726800 0.520625 0.734439 0.494892 0.723433 0.485681 0.705833 0.497647 0.685771 0.520625 0.676208 0.542076 0.688270
0 0.648141 0.622500 0.643879 0.642790 0.630625 0.651259 0.618162 0.641978 0.613821 0.622500 0.618013 0.601779 0.630625 0.594413 0.643115 0.601198
0 0.532364 0.445000 0.525509 0.464119 0.511875 0.469852 0.497512 0.464467 0.489823 0.445000 0.496080 0.427725 0.511875 0.420460 0.525808 0.424802
0 0.488020 0.225833 0.482794 0.249189 0.461250 0.260895 0.442810 0.253329 0.431047 0.225833 0.439160 0.198393 0.461250 0.188754 0.482707 0.198975
0 0.487608 0.721667 0.479426 0.743052 0.465625 0.751776 0.451623 0.741292 0.445677 0.721667 0.451748 0.702539 0.465625 0.694253 0.479277 0.702320
0 0.356600 0.182500 0.351599 0.204454 0.333750 0.216332 0.316137 0.204656 0.311178 0.182500 0.316023 0.160422 0.333750 0.152058 0.349789 0.161465
0 0.690046 0.447500 0.682511 0.467061 0.663750 0.476373 0.643447 0.467048 0.638795 0.447500 0.644940 0.427182 0.663750 0.420687 0.680577 0.426655
0 0.791825 0.271667 0.786331 0.290088 0.771250 0.298476 0.757597 0.288976 0.750174 0.271667 0.757276 0.252522 0.771250 0.246989 0.786361 0.253013
0 0.673577 0.720833 0.666275 0.741922 0.649375 0.748280 0.631546 0.742197 0.623563 0.720833 0.632078 0.699730 0.649375 0.693757 0.665578 0.701316
0 0.642776 0.532500 0.638100 0.550461 0.622500 0.555682 0.607822 0.549833 0.601003 0.532500 0.608390 0.515234 0.622500 0.509366 0.637579 0.515565
0 0.641938 0.570000 0.637357 0.585497 0.622500 0.590046 0.606266 0.584060 0.599783 0.570000 0.608831 0.556783 0.622500 0.551701 0.637876 0.556191
0 0.431070 0.578333 0.423744 0.605396 0.410000 0.613419 0.395896 0.604188 0.391424 0.578333 0.394907 0.553992 0.410000 0.539158 0.422837 0.551596
0 0.561534 0.450833 0.552882 0.469858 0.532500 0.474225 0.511979 0.469963 0.501504 0.450833 0.510516 0.432311 0.532500 0.425532 0.552149 0.432940
0 0.413013 0.305833 0.407429 0.321785 0.395625 0.327990 0.384226 0.321467 0.380004 0.305833 0.383351 0.288164 0.395625 0.280073 0.406692 0.288321
0 0.688959 0.362500 0.677974 0.378255 0.658750 0.386263 0.638404 0.379245 0.629917 0.362500 0.637013 0.347344 0.658750 0.338918 0.677867 0.345454
0 0.382564 0.338333 0.375797 0.355627 0.365625 0.364466 0.353882 0.356520 0.349051 0.338333 0.355546 0.321736 0.365625 0.313205 0.376879 0.321315
0 0.527314 0.493333 0.523107 0.508411 0.511875 0.514665 0.498753 0.511098 0.496627 0.493333 0.499846 0.476903 0.511875 0.469082 0.523714 0.476025
0 0.592240 0.233333 0.580419 0.258464 0.559375 0.265845 0.537129 0.258681 0.526418 0.233333 0.537574 0.210359 0.559375 0.200647 0.581357 0.209133
0 0.533808 0.705000 0.527191 0.723567 0.510000 0.732519 0.493032 0.724686 0.489728 0.705000 0.494707 0.686264 0.510000 0.679346 0.525193 0.687573
0 0.435474 0.464167 0.432622 0.486596 0.416875 0.493008 0.403379 0.486899 0.395836 0.464167 0.403201 0.444287 0.416875 0.433688 0.431185 0.440341
0 0.467504 0.141667 0.463667 0.165742 0.453125 0.174543 0.441413 0.166940 0.438950 0.141667 0.442387 0.120121 0.453125 0.105163 0.464641 0.117046
0 0.456622 0.465000 0.448479 0.488204 0.426875 0.498120 0.407339 0.490531 0.395960 0.465000 0.405179 0.442488 0.426875 0.433210 0.448816 0.440645
0 0.316146 0.344167 0.306903 0.364916 0.287500 0.371820 0.267667 0.366416 0.261327 0.344167 0.269384 0.325167 0.287500 0.313570 0.307789 0.323567
0 0.457278 0.310833 0.450719 0.338121 0.433125 0.345424 0.415612 0.339002 0.409847 0.310833 0.415558 0.286162 0.433125 0.273834 0.450395 0.286927
0 0.457554 0.297500 0.451419 0.317417 0.440625 0.324423 0.427634 0.316274 0.423326 0.297500 0.428410 0.280765 0.440625 0.271446 0.451422 0.279191
0 0.562566 0.235000 0.557349 0.254317 0.544375 0.264228 0.532523 0.257136 0.527926 0.235000 0.532643 0.214127 0.544375 0.203754 0.556095 0.215063
0 0.459461 0.458333 0.451242 0.487733 0.433125 0.497989 0.414435 0.486178 0.407642 0.458333 0.415355 0.429540 0.433125 0.415048 0.450787 0.428246
0 0.646698 0.617500 0.641047 0.640990 0.626250 0.651423 0.609272 0.643306 0.603974 0.617500 0.609484 0.592036 0.626250 0.583298 0.643629 0.592241
0 0.706814 0.455000 0.702112 0.475681 0.685625 0.485106 0.670614 0.474763 0.662749 0.455000 0.669570 0.433232 0.685625 0.425046 0.701303 0.435924
0 0.349208 0.582500 0.344643 0.601913 0.325000 0.610934 0.306902 0.601706 0.298838 0.582500 0.306217 0.563316 0.325000 0.550773 0.342082 0.561531
0 0.570441 0.234167 0.565219 0.257249 0.550000 0.265867 0.532836 0.257200 0.528198 0.234167 0.535427 0.212714 0.550000 0.199952 0.567083 0.212204
0 0.390794 0.339167 0.385271 0.359282 0.371250 0.365191 0.357284 0.359120 0.348830 0.339167 0.355081 0.321141 0.371250 0.311690 0.385103 0.321069
0 0.643636 0.603333 0.635498 0.626666 0.616875 0.636821 0.598846 0.630335 0.592307 0.603333 0.597294 0.579079 0.616875 0.570192 0.634865 0.578890
0 0.560782 0.714167 0.557128 0.727620 0.541250 0.733425 0.525689 0.727529 0.519845 0.714167 0.527533 0.700079 0.541250 0.691999 0.556792 0.698385
0 0.631675 0.746667 0.624738 0.771307 0.609375 0.777882 0.595274 0.771976 0.588837 0.746667 0.594247 0.723562 0.609375 0.716614 0.624855 0.723317
0 0.429997 0.653333 0.425687 0.668699 0.410625 0.673551 0.396238 0.667571 0.390648 0.653333 0.397995 0.640168 0.410625 0.633778 0.425103 0.638436
0 0.560244 0.455000 0.555543 0.469889 0.540625 0.474654 0.525597 0.469478 0.518023 0.455000 0.525378 0.438484 0.540625 0.433578 0.554257 0.438162
0 0.555191 0.680000 0.549902 0.695152 0.540625 0.701131 0.531472 0.696194 0.525622 0.680000 0.529474 0.665154 0.540625 0.659694 0.550466 0.663674
0 0.322855 0.566667 0.316213 0.586827 0.304375 0.600339 0.292766 0.587477 0.287074 0.566667 0.292807 0.544640 0.304375 0.536686 0.315282 0.545745
0 0.574857 0.756667 0.565569 0.778675 0.543750 0.788019 0.523706 0.777055 0.516181 0.756667 0.524176 0.735537 0.543750 0.723679 0.567032 0.734741
0 0.763183 0.252500 0.757726 0.277932 0.746875 0.288560 0.733948 0.281789 0.728999 0.252500 0.734520 0.222979 0.746875 0.213428 0.759642 0.226366
0 0.575546 0.759167 0.569882 0.779913 0.558125 0.788587 0.545305 0.779903 0.539143 0.759167 0.544057 0.736347 0.558125 0.725325 0.571548 0.737985
0 0.331482 0.225000 0.326341 0.244766 0.315000 0.252919 0.304391 0.244126 0.299879 0.225000 0.302466 0.205599 0.315000 0.198115 0.326741 0.207875
0 0.435874 0.521667 0.427331 0.540933 0.410000 0.550415 0.390092 0.542085 0.382609 0.521667 0.393041 0.500449 0.410000 0.494471 0.430210 0.499717
0 0.620498 0.170000 0.617191 0.187833 0.601250 0.197952 0.584932 0.188052 0.581936 0.170000 0.585120 0.152962 0.601250 0.144097 0.616869 0.152465
0 0.561507 0.496667 0.553432 0.515174 0.529375 0.523132 0.507728 0.515407 0.499684 0.496667 0.505499 0.480152 0.529375 0.469603 0.549784 0.478759
0 0.458538 0.454167 0.454780 0.476637 0.442500 0.482786 0.429303 0.473495 0.426187 0.454167 0.429737 0.434484 0.442500 0.427498 0.455259 0.434195
0 0.685974 0.362500 0.682499 0.378703 0.667500 0.382270 0.654558 0.377468 0.649381 0.362500 0.652636 0.347607 0.667500 0.340812 0.681386 0.348850
0 0.597327 0.150833 0.588422 0.183789 0.569375 0.190395 0.549699 0.178204 0.538887 0.150833 0.547728 0.119927 0.569375 0.106408 0.591113 0.120416
0 0.500148 0.474167 0.493507 0.501496 0.477500 0.519606 0.461135 0.506618 0.458314 0.474167 0.463530 0.446150 0.477500 0.433654 0.491489 0.442733
0 0.443688 0.618333 0.437014 0.636712 0.418750 0.642953 0.401995 0.637745 0.395904 0.618333 0.400927 0.600233 0.418750 0.593450 0.434747 0.601346
0 0.561853 0.415833 0.556226 0.433955 0.540625 0.437608 0.525771 0.433813 0.515445 0.415833 0.524431 0.400211 0.540625 0.393693 0.557923 0.399499
0 0.454691 0.733333 0.449019 0.758823 0.434375 0.769339 0.418572 0.755734 0.414533 0.733333 0.419674 0.708252 0.434375 0.698030 0.448878 0.709389
1 0.705272 0.189653 0.701530 0.217610 0.686931 0.229417 0.672360 0.218575 0.668382 0.189653 0.674013 0.165048 0.686931 0.151481 0.700878 0.163475
