0 0.694255 0.309167 0.688459 0.331747 0.671250 0.341386 0.655891 0.333851 0.647819 0.309167 0.654946 0.285068 0.671250 0.276511 0.685993 0.288173
0 0.475856 0.524167 0.469836 0.542366 0.456875 0.549474 0.442955 0.544084 0.438055 0.524167 0.443723 0.504409 0.456875 0.495814 0.470137 0.504754
0 0.484168 0.641667 0.476393 0.662669 0.463125 0.667432 0.448626 0.661648 0.441807 0.641667 0.448999 0.623148 0.463125 0.615533 0.477511 0.619890
0 0.408810 0.284167 0.402216 0.311694 0.385000 0.322231 0.368171 0.307018 0.358618 0.284167 0.368129 0.260920 0.385000 0.245112 0.401019 0.259091
0 0.364948 0.498333 0.361109 0.518206 0.344375 0.523901 0.328996 0.519333 0.320969 0.498333 0.329380 0.478915 0.344375 0.467452 0.360734 0.479454
0 0.485192 0.416667 0.477206 0.431702 0.460000 0.439190 0.442938 0.431703 0.437355 0.416667 0.442760 0.401131 0.460000 0.393962 0.475984 0.400384
0 0.651191 0.365000 0.645833 0.383763 0.632500 0.396009 0.618101 0.386422 0.612696 0.365000 0.619892 0.346706 0.632500 0.337380 0.644459 0.345571
0 0.443240 0.272500 0.437325 0.294133 0.423125 0.300660 0.409503 0.293445 0.401980 0.272500 0.407264 0.252105 0.423125 0.240840 0.436972 0.253104
0 0.395919 0.594167 0.387562 0.614437 0.374375 0.622772 0.360326 0.613250 0.352760 0.594167 0.359810 0.574174 0.374375 0.563822 0.388835 0.573488
0 0.507093 0.735833 0.501503 0.756766 0.488125 0.766318 0.473628 0.755591 0.465635 0.735833 0.472628 0.715685 0.488125 0.706920 0.503540 0.714024
0 0.365924 0.286667 0.357938 0.309976 0.345000 0.323257 0.329620 0.307936 0.323307 0.286667 0.331149 0.261680 0.345000 0.253097 0.359714 0.261455
0 0.665950 0.163333 0.660484 0.186775 0.646875 0.192314 0.633586 0.183752 0.627289 0.163333 0.633596 0.140116 0.646875 0.134235 0.660874 0.141927
0 0.340413 0.480833 0.337583 0.501588 0.321250 0.505711 0.306963 0.500664 0.298695 0.480833 0.307624 0.460593 0.321250 0.455714 0.336489 0.462008
0 0.734233 0.387500 0.728815 0.417785 0.711250 0.423938 0.694561 0.415729 0.687669 0.387500 0.695335 0.358300 0.711250 0.351342 0.728001 0.360705
0 0.765545 0.356667 0.761404 0.380908 0.745000 0.385297 0.728237 0.377078 0.722540 0.356667 0.729727 0.333279 0.745000 0.325610 0.759612 0.333208
0 0.578981 0.395833 0.572334 0.422485 0.554375 0.428248 0.537088 0.421845 0.528608 0.395833 0.534669 0.371590 0.554375 0.362049 0.574795 0.369021
0 0.466757 0.712500 0.460037 0.739980 0.446875 0.751079 0.432098 0.739264 0.428709 0.712500 0.432891 0.684196 0.446875 0.672214 0.461051 0.687698
0 0.593574 0.282500 0.589823 0.315380 0.573125 0.325072 0.557856 0.316043 0.552041 0.282500 0.556467 0.248906 0.573125 0.234283 0.587848 0.251404
0 0.533316 0.366667 0.525875 0.382529 0.513125 0.388366 0.500199 0.381857 0.494628 0.366667 0.498831 0.352471 0.513125 0.343790 0.527640 0.350866
0 0.416754 0.568333 0.408128 0.587390 0.395000 0.593139 0.381561 0.585442 0.375468 0.568333 0.380205 0.549308 0.395000 0.542068 0.409435 0.549121
0 0.558356 0.326667 0.549009 0.346025 0.531875 0.354746 0.512290 0.347006 0.507248 0.326667 0.513542 0.308476 0.531875 0.300247 0.551526 0.305685
0 0.602816 0.617500 0.600211 0.635821 0.588750 0.644222 0.578249 0.636192 0.572493 0.617500 0.578018 0.599316 0.588750 0.589114 0.599535 0.599170
0 0.558459 0.276667 0.554163 0.299315 0.540625 0.308269 0.528923 0.301166 0.524007 0.276667 0.527375 0.255789 0.540625 0.242658 0.553632 0.252666
0 0.635961 0.403333 0.629744 0.429508 0.616875 0.435795 0.601805 0.429932 0.599124 0.403333 0.602657 0.380487 0.616875 0.367508 0.630280 0.380571
0 0.714779 0.582500 0.705117 0.601177 0.687500 0.607875 0.670042 0.600003 0.662068 0.582500 0.669074 0.563054 0.687500 0.557634 0.704402 0.564746
0 0.621196 0.324167 0.615194 0.344827 0.603125 0.353576 0.590255 0.345303 0.586583 0.324167 0.589668 0.302789 0.603125 0.296310 0.615770 0.304975
0 0.551442 0.615000 0.545509 0.634516 0.531250 0.645263 0.518073 0.635881 0.510645 0.615000 0.519150 0.595776 0.531250 0.585471 0.545463 0.595490
0 0.448539 0.210833 0.440413 0.234741 0.425000 0.245213 0.410627 0.235496 0.403833 0.210833 0.409921 0.186195 0.425000 0.174550 0.441711 0.188302
0 0.412352 0.518333 0.406379 0.535605 0.391875 0.547249 0.376965 0.537108 0.371571 0.518333 0.377811 0.497608 0.391875 0.494091 0.407619 0.500311
0 0.645047 0.515000 0.638915 0.532129 0.626875 0.539009 0.613173 0.535630 0.607523 0.515000 0.613623 0.495077 0.626875 0.486323 0.639950 0.494899
0 0.443680 0.620833 0.436477 0.647433 0.416250 0.659027 0.396080 0.648528 0.391212 0.620833 0.397892 0.594480 0.416250 0.578476 0.436571 0.590830
0 0.651189 0.245000 0.645700 0.270824 0.633750 0.283349 0.620648 0.271727 0.615593 0.245000 0.620389 0.219632 0.633750 0.208718 0.646936 0.220476
0 0.471057 0.308333 0.463205 0.329052 0.451250 0.334918 0.439016 0.328342 0.433499 0.308333 0.438755 0.286988 0.451250 0.280626 0.463191 0.290272
0 0.730840 0.225000 0.722965 0.243291 0.702500 0.251591 0.680561 0.243909 0.673429 0.225000 0.683225 0.205261 0.702500 0.200422 0.723342 0.207905
0 0.532446 0.675000 0.525313 0.699426 0.513125 0.709771 0.501035 0.696011 0.494303 0.675000 0.499251 0.653373 0.513125 0.642773 0.526413 0.650568
0 0.621367 0.651667 0.613266 0.673424 0.601250 0.678392 0.586927 0.671168 0.580789 0.651667 0.587381 0.631378 0.601250 0.626093 0.615303 0.632702
0 0.443766 0.132500 0.434956 0.168017 0.418750 0.174609 0.399779 0.162081 0.392831 0.132500 0.399793 0.098131 0.418750 0.087096 0.437482 0.097370
0 0.427046 0.359167 0.423927 0.376058 0.409375 0.385035 0.395651 0.374854 0.390640 0.359167 0.395423 0.343590 0.409375 0.333769 0.423858 0.341590
0 0.568486 0.224167 0.562526 0.244089 0.550000 0.256122 0.537315 0.244410 0.533185 0.224167 0.537901 0.202295 0.550000 0.193136 0.562950 0.204098
0 0.497492 0.450833 0.490475 0.470478 0.476875 0.479040 0.462980 0.467693 0.457625 0.450833 0.462224 0.433578 0.476875 0.424411 0.490885 0.431665
0 0.410004 0.700000 0.404835 0.723038 0.387500 0.729300 0.371097 0.722445 0.365505 0.700000 0.372041 0.676937 0.387500 0.669717 0.402362 0.679245
0 0.512517 0.488333 0.503550 0.511499 0.487500 0.523107 0.470375 0.508967 0.462810 0.488333 0.470355 0.467499 0.487500 0.458779 0.505510 0.466996
0 0.518124 0.600000 0.514263 0.615658 0.500625 0.624648 0.487418 0.615866 0.480402 0.600000 0.487408 0.584747 0.500625 0.574396 0.514758 0.582349
0 0.749617 0.462500 0.742540 0.482052 0.725000 0.492235 0.708057 0.484710 0.699843 0.462500 0.707954 0.442532 0.725000 0.435443 0.745292 0.443578
0 0.357050 0.360833 0.347570 0.397306 0.333750 0.406442 0.319903 0.393413 0.314257 0.360833 0.317340 0.326627 0.333750 0.317328 0.350096 0.328031
0 0.596381 0.354167 0.589540 0.374428 0.574375 0.381542 0.558543 0.376372 0.550722 0.354167 0.559944 0.332132 0.574375 0.324995 0.591263 0.332209
1 0.466630 0.470833 0.456833 0.503491 0.433125 0.511466 0.411655 0.500824 0.400757 0.470833 0.412799 0.440364 0.433125 0.428406 0.455981 0.438127
0 0.665029 0.571667 0.657022 0.598524 0.637500 0.605908 0.619109 0.598314 0.611429 0.571667 0.619727 0.547849 0.637500 0.533995 0.655151 0.549112
0 0.539499 0.508333 0.534315 0.526070 0.521875 0.535513 0.509881 0.524703 0.503487 0.508333 0.509146 0.488966 0.521875 0.484287 0.535073 0.490490
0 0.318224 0.538333 0.313898 0.560968 0.300000 0.569159 0.285851 0.559382 0.279692 0.538333 0.284715 0.516167 0.300000 0.506613 0.314867 0.516760
0 0.588158 0.583333 0.583433 0.601399 0.566875 0.606052 0.550014 0.599753 0.544893 0.583333 0.551561 0.564723 0.566875 0.560714 0.581698 0.565238
0 0.696947 0.255000 0.692416 0.271494 0.676250 0.279465 0.661911 0.271011 0.653492 0.255000 0.661624 0.239204 0.676250 0.231932 0.691199 0.238394
0 0.601930 0.433333 0.595589 0.450688 0.581250 0.460264 0.565766 0.452711 0.559932 0.433333 0.566175 0.416991 0.581250 0.406930 0.594721 0.414392
0 0.618033 0.260000 0.612646 0.285047 0.599375 0.291518 0.585610 0.283596 0.579079 0.260000 0.586915 0.237599 0.599375 0.223033 0.612152 0.235289
0 0.561549 0.552500 0.555672 0.571317 0.540000 0.580641 0.523730 0.569110 0.518998 0.552500 0.524678 0.534024 0.540000 0.525238 0.557096 0.532474
0 0.475972 0.597500 0.467700 0.622021 0.452500 0.631810 0.434956 0.619628 0.429579 0.597500 0.436011 0.572792 0.452500 0.564262 0.470950 0.575174
0 0.655514 0.311667 0.649089 0.330151 0.636875 0.336572 0.623877 0.328821 0.620538 0.311667 0.625057 0.291927 0.636875 0.284127 0.648535 0.293062
0 0.609534 0.150000 0.605351 0.174558 0.588750 0.183831 0.571316 0.170490 0.565563 0.150000 0.574132 0.126042 0.588750 0.115807 0.605234 0.125876
0 0.600456 0.203333 0.592330 0.227413 0.578750 0.237478 0.564417 0.226414 0.560728 0.203333 0.564805 0.179778 0.578750 0.171996 0.594139 0.180182
0 0.518976 0.398333 0.514228 0.421994 0.493750 0.432068 0.474758 0.425709 0.468848 0.398333 0.474901 0.371882 0.493750 0.364762 0.514946 0.374778
0 0.779418 0.276667 0.767466 0.307238 0.748750 0.318090 0.728479 0.307065 0.718035 0.276667 0.728850 0.242996 0.748750 0.229370 0.767173 0.243253
0 0.382608 0.551667 0.373159 0.569964 0.355625 0.577428 0.339188 0.569267 0.331810 0.551667 0.336169 0.532361 0.355625 0.527190 0.372507 0.533009
0 0.394721 0.348333 0.388544 0.374412 0.369375 0.382287 0.351495 0.372354 0.343206 0.348333 0.352877 0.321587 0.369375 0.314381 0.387306 0.322305
0 0.546080 0.583333 0.536371 0.600150 0.520000 0.608194 0.503972 0.600084 0.495779 0.583333 0.504846 0.567571 0.520000 0.558785 0.537315 0.567208
0 0.643672 0.618333 0.637693 0.646031 0.621875 0.661111 0.606443 0.650152 0.599179 0.618333 0.603941 0.590190 0.621875 0.573672 0.638986 0.590699
0 0.509882 0.654167 0.503844 0.672393 0.488125 0.683065 0.471462 0.674105 0.464413 0.654167 0.473378 0.635036 0.488125 0.624018 0.503905 0.633373
0 0.337080 0.586667 0.329386 0.607391 0.312500 0.614510 0.296482 0.606638 0.290112 0.586667 0.295283 0.566386 0.312500 0.561754 0.329872 0.567259
0 0.476200 0.253333 0.472119 0.278981 0.457500 0.294789 0.442133 0.281960 0.438960 0.253333 0.443947 0.227863 0.457500 0.218083 0.472973 0.227452
0 0.536274 0.197500 0.529323 0.226386 0.513125 0.237168 0.497393 0.227462 0.489314 0.197500 0.496834 0.165976 0.513125 0.159790 0.531121 0.169609
0 0.389750 0.465000 0.386256 0.489724 0.370625 0.501720 0.356067 0.488778 0.348586 0.465000 0.357345 0.442121 0.370625 0.426878 0.384548 0.437830
0 0.556827 0.738333 0.549457 0.772138 0.530000 0.785312 0.510724 0.767106 0.502399 0.738333 0.512176 0.707947 0.530000 0.696404 0.548983 0.709325
0 0.521315 0.549167 0.510444 0.568858 0.491875 0.580864 0.472785 0.569938 0.464103 0.549167 0.472478 0.529486 0.491875 0.521347 0.510505 0.528868
0 0.556485 0.475000 0.549833 0.494987 0.536875 0.499487 0.523168 0.492893 0.518000 0.475000 0.523084 0.457601 0.536875 0.447892 0.548635 0.455079
0 0.614665 0.523333 0.607572 0.553859 0.594375 0.566024 0.579722 0.552723 0.575281 0.523333 0.581918 0.493358 0.594375 0.481960 0.608174 0.493419
0 0.342276 0.427500 0.336943 0.450194 0.317500 0.460896 0.298377 0.448204 0.288773 0.427500 0.298835 0.406115 0.317500 0.398015 0.337531 0.406457
0 0.698976 0.528333 0.693675 0.548183 0.680625 0.558554 0.668290 0.548049 0.660924 0.528333 0.667234 0.508722 0.680625 0.502011 0.693858 0.510077
0 0.358324 0.204167 0.353894 0.235058 0.335000 0.247088 0.318219 0.236087 0.310810 0.204167 0.318745 0.168777 0.335000 0.156017 0.353040 0.170598
0 0.502683 0.701667 0.495705 0.718927 0.480625 0.726925 0.465609 0.716923 0.458540 0.701667 0.465244 0.684771 0.480625 0.676682 0.493775 0.684655
0 0.408167 0.420833 0.402624 0.440134 0.391250 0.447664 0.378223 0.440191 0.372269 0.420833 0.378441 0.401595 0.391250 0.393309 0.404352 0.400914
0 0.732537 0.299167 0.728613 0.333367 0.711250 0.343718 0.695862 0.335381 0.687504 0.299167 0.695600 0.267507 0.711250 0.246848 0.727849 0.266940
0 0.661039 0.681667 0.655076 0.704354 0.642500 0.711677 0.629858 0.702513 0.624778 0.681667 0.630542 0.659378 0.642500 0.654067 0.655491 0.660250
0 0.794780 0.540000 0.788225 0.561977 0.773125 0.566992 0.757457 0.559989 0.751621 0.540000 0.757333 0.520790 0.773125 0.512451 0.787206 0.519474
0 0.568537 0.470000 0.564977 0.489674 0.554375 0.496979 0.544891 0.491366 0.539797 0.470000 0.544228 0.449458 0.554375 0.441316 0.564758 0.448796
0 0.577864 0.624167 0.571044 0.640266 0.560000 0.647526 0.549595 0.640611 0.543455 0.624167 0.549273 0.607297 0.560000 0.602405 0.572562 0.607406
0 0.609581 0.382500 0.605296 0.404501 0.594375 0.411924 0.583622 0.404868 0.578418 0.382500 0.581498 0.362522 0.594375 0.353778 0.606913 0.362269
0 0.411334 0.228333 0.405060 0.246469 0.392500 0.256057 0.381207 0.246613 0.373665 0.228333 0.381331 0.210243 0.392500 0.198098 0.405033 0.207857
0 0.532273 0.269167 0.528301 0.290603 0.518125 0.301211 0.507441 0.288547 0.503140 0.269167 0.507089 0.248754 0.518125 0.241202 0.527595 0.246624
0 0.634005 0.196667 0.628742 0.211983 0.615625 0.219539 0.602955 0.210784 0.598378 0.196667 0.603147 0.180422 0.615625 0.173786 0.627081 0.181892
0 0.623608 0.463333 0.617539 0.483074 0.603750 0.490215 0.591530 0.484926 0.583191 0.463333 0.591138 0.442016 0.603750 0.433479 0.615879 0.441672
0 0.435088 0.725833 0.429675 0.753250 0.417500 0.759988 0.405120 0.752064 0.396923 0.725833 0.405518 0.700456 0.417500 0.688584 0.430244 0.698762
0 0.576765 0.522500 0.569576 0.542809 0.557500 0.547377 0.544787 0.540070 0.540500 0.522500 0.544909 0.502294 0.557500 0.495012 0.570937 0.502992
0 0.658477 0.455000 0.652235 0.478193 0.638750 0.489669 0.623813 0.478974 0.619092 0.455000 0.623413 0.434055 0.638750 0.422960 0.654051 0.432522
0 0.411331 0.655833 0.405109 0.674456 0.393125 0.687109 0.380451 0.677321 0.377756 0.655833 0.381160 0.635225 0.393125 0.627217 0.404779 0.636616
0 0.389280 0.170000 0.383714 0.197870 0.369375 0.214018 0.356151 0.200792 0.347317 0.170000 0.355771 0.138335 0.369375 0.131201 0.385173 0.143216
0 0.631815 0.698333 0.626481 0.718754 0.613750 0.726604 0.599295 0.721594 0.592374 0.698333 0.598668 0.677355 0.613750 0.668947 0.627326 0.677230
0 0.520293 0.120000 0.513021 0.147138 0.495625 0.159701 0.476355 0.145553 0.468805 0.120000 0.475950 0.096233 0.495625 0.082967 0.513793 0.095947
0 0.666612 0.096667 0.661600 0.121970 0.643125 0.126717 0.626755 0.121064 0.619253 0.096667 0.626483 0.071395 0.643125 0.061770 0.660185 0.073626
0 0.328664 0.285833 0.322404 0.313896 0.308750 0.326826 0.294526 0.314668 0.291498 0.285833 0.295755 0.259194 0.308750 0.251488 0.321300 0.261337
0 0.472186 0.371667 0.460790 0.395111 0.444375 0.406930 0.425044 0.396512 0.421002 0.371667 0.427457 0.345915 0.444375 0.333801 0.461337 0.347994
0 0.396931 0.399167 0.389858 0.417056 0.373125 0.425573 0.359016 0.416116 0.350669 0.399167 0.356167 0.381418 0.373125 0.372433 0.390116 0.381801
0 0.528985 0.437500 0.525302 0.453269 0.514375 0.463392 0.503195 0.454891 0.498200 0.437500 0.502948 0.419815 0.514375 0.411487 0.525636 0.421000
0 0.794862 0.492500 0.786351 0.517459 0.766250 0.524882 0.746223 0.514588 0.740492 0.492500 0.747165 0.468655 0.766250 0.459129 0.785063 0.470021
0 0.358151 0.617500 0.350937 0.638375 0.331250 0.644544 0.313859 0.638008 0.307273 0.617500 0.314514 0.597207 0.331250 0.588027 0.348160 0.595860
0 0.744931 0.526667 0.741873 0.555163 0.727500 0.560349 0.715154 0.553786 0.710258 0.526667 0.713241 0.501428 0.727500 0.489164 0.739945 0.501474
0 0.595768 0.480000 0.589515 0.496579 0.578125 0.501530 0.567264 0.497698 0.561091 0.480000 0.565808 0.463525 0.578125 0.456213 0.589903 0.462650
0 0.437896 0.324167 0.431728 0.340200 0.416875 0.345202 0.401349 0.339868 0.396478 0.324167 0.402095 0.306803 0.416875 0.300251 0.433218 0.308085
0 0.707254 0.477500 0.700071 0.494023 0.686250 0.504477 0.672746 0.495081 0.665086 0.477500 0.672104 0.459985 0.686250 0.451072 0.700563 0.460010
0 0.662668 0.466667 0.654733 0.492375 0.640625 0.496829 0.625372 0.491328 0.620693 0.466667 0.624740 0.440743 0.640625 0.436478 0.654202 0.441029
0 0.634056 0.131667 0.627904 0.160617 0.616250 0.171672 0.604022 0.158126 0.598307 0.131667 0.603648 0.105959 0.616250 0.091105 0.628993 0.102250
0 0.444635 0.547500 0.438322 0.570758 0.425625 0.581205 0.412841 0.568093 0.405301 0.547500 0.411252 0.525071 0.425625 0.515818 0.439947 0.527468
0 0.307739 0.495833 0.302021 0.515937 0.290000 0.526480 0.277825 0.516673 0.272076 0.495833 0.277121 0.475519 0.290000 0.464301 0.302662 0.473901
0 0.724466 0.530000 0.721121 0.556258 0.708750 0.569072 0.697074 0.556016 0.692273 0.530000 0.697998 0.502192 0.708750 0.492558 0.719094 0.502006
0 0.482176 0.165833 0.477899 0.191150 0.462500 0.205406 0.446542 0.195753 0.439183 0.165833 0.446615 0.140297 0.462500 0.128083 0.477610 0.136318
0 0.586012 0.685833 0.580164 0.719081 0.558750 0.732049 0.537415 0.721242 0.531724 0.685833 0.537011 0.653094 0.558750 0.639795 0.578179 0.652335
0 0.673058 0.627500 0.667674 0.647079 0.656250 0.659326 0.643934 0.646807 0.638457 0.627500 0.644435 0.606446 0.656250 0.601136 0.668727 0.608504
0 0.474148 0.365000 0.466734 0.388946 0.450000 0.394151 0.432213 0.387393 0.424641 0.365000 0.430860 0.342106 0.450000 0.333214 0.467497 0.342677
0 0.793518 0.394167 0.789100 0.411596 0.771875 0.418407 0.756557 0.414033 0.748631 0.394167 0.754804 0.376396 0.771875 0.368451 0.788967 0.375988
0 0.691180 0.407500 0.686260 0.434878 0.666875 0.443648 0.646258 0.432880 0.641972 0.407500 0.649002 0.381787 0.666875 0.372886 0.687326 0.381633
0 0.383737 0.648333 0.377831 0.670117 0.362500 0.679326 0.345081 0.671463 0.340332 0.648333 0.345581 0.625863 0.362500 0.617220 0.379399 0.629206
0 0.618202 0.087500 0.608166 0.116598 0.589375 0.127411 0.570160 0.113679 0.563851 0.087500 0.572113 0.057433 0.589375 0.049926 0.608966 0.060801
0 0.671518 0.220000 0.667888 0.238815 0.656250 0.248548 0.645552 0.238698 0.638424 0.220000 0.643812 0.200409 0.656250 0.194804 0.667099 0.199575
0 0.682772 0.412500 0.677047 0.434182 0.660625 0.444967 0.643700 0.435162 0.637670 0.412500 0.642798 0.387505 0.660625 0.380321 0.678145 0.388181
0 0.497653 0.183333 0.493123 0.211655 0.481250 0.217576 0.469976 0.209525 0.465656 0.183333 0.469238 0.155029 0.481250 0.146581 0.493699 0.159745
0 0.797926 0.315000 0.792084 0.331406 0.776875 0.339020 0.763161 0.332655 0.755187 0.315000 0.761131 0.297997 0.776875 0.290696 0.790296 0.299970
0 0.692332 0.361667 0.686126 0.376722 0.671875 0.384575 0.655873 0.379008 0.652275 0.361667 0.655845 0.346689 0.671875 0.336679 0.687562 0.346122
0 0.755631 0.179167 0.747573 0.200328 0.731875 0.210888 0.716991 0.199348 0.710185 0.179167 0.715296 0.158041 0.731875 0.150910 0.746679 0.159510
0 0.511707 0.295833 0.505050 0.312969 0.491875 0.322046 0.478106 0.315431 0.473539 0.295833 0.479469 0.279032 0.491875 0.270995 0.506472 0.279100
0 0.509363 0.272500 0.506529 0.309594 0.491875 0.318605 0.478411 0.305902 0.472604 0.272500 0.478114 0.236940 0.491875 0.227044 0.506034 0.237176
0 0.458150 0.376667 0.453298 0.398679 0.438125 0.411293 0.424593 0.402494 0.419000 0.376667 0.423864 0.350846 0.438125 0.345300 0.452220 0.352663
0 0.434236 0.409167 0.427380 0.429564 0.413750 0.437818 0.400628 0.428411 0.395147 0.409167 0.400142 0.388951 0.413750 0.381600 0.426863 0.389100
0 0.553961 0.328333 0.544953 0.345886 0.521875 0.355620 0.495742 0.347830 0.489842 0.328333 0.496386 0.308941 0.521875 0.301110 0.544787 0.310205
0 0.766763 0.282500 0.759154 0.306758 0.742500 0.315746 0.725401 0.307330 0.718696 0.282500 0.726082 0.257473 0.742500 0.246752 0.759941 0.254659
0 0.697407 0.665000 0.691313 0.684168 0.678125 0.696158 0.663391 0.683935 0.657948 0.665000 0.663287 0.643618 0.678125 0.634945 0.691495 0.646964
0 0.597411 0.199167 0.590332 0.222152 0.573750 0.238442 0.557232 0.223397 0.551508 0.199167 0.558586 0.172277 0.573750 0.162871 0.590581 0.175264
0 0.797028 0.430833 0.789636 0.449359 0.771875 0.454229 0.755000 0.449017 0.747402 0.430833 0.754688 0.411194 0.771875 0.405190 0.789420 0.411887
0 0.567392 0.117500 0.562826 0.149690 0.548750 0.162853 0.535385 0.146750 0.528706 0.117500 0.534233 0.085747 0.548750 0.071456 0.561814 0.084434
0 0.639071 0.598333 0.632900 0.615358 0.618750 0.621357 0.602606 0.617088 0.597682 0.598333 0.604026 0.581962 0.618750 0.575559 0.634542 0.579774
0 0.646139 0.632500 0.638739 0.655230 0.623125 0.661596 0.607680 0.652433 0.602356 0.632500 0.607442 0.612668 0.623125 0.600585 0.638249 0.611367
0 0.729958 0.291667 0.724519 0.319088 0.710000 0.334424 0.696450 0.318441 0.689834 0.291667 0.697092 0.264308 0.710000 0.249781 0.724390 0.263677
0 0.566218 0.471667 0.559111 0.490638 0.543750 0.500249 0.525841 0.491118 0.520369 0.471667 0.528397 0.451767 0.543750 0.442014 0.559938 0.450300
0 0.493678 0.170000 0.489402 0.204659 0.468750 0.211726 0.448395 0.200073 0.438874 0.170000 0.451028 0.135034 0.468750 0.128798 0.488645 0.140216
0 0.380860 0.446667 0.376168 0.463996 0.363125 0.471959 0.350324 0.464369 0.346493 0.446667 0.349080 0.426648 0.363125 0.421715 0.375683 0.428546
0 0.315370 0.375833 0.307660 0.405891 0.291875 0.413529 0.276963 0.403058 0.270419 0.375833 0.277549 0.349669 0.291875 0.337965 0.307447 0.347879
0 0.578787 0.671667 0.574099 0.692297 0.555000 0.701874 0.538585 0.695588 0.528775 0.671667 0.537262 0.648860 0.555000 0.638242 0.571311 0.647369
0 0.593397 0.184167 0.586465 0.200478 0.571250 0.208874 0.554261 0.200006 0.549890 0.184167 0.556818 0.168389 0.571250 0.161515 0.586009 0.169315
0 0.623978 0.255833 0.620095 0.284168 0.605000 0.291421 0.589718 0.285852 0.583624 0.255833 0.591573 0.226494 0.605000 0.217227 0.618136 0.226863
0 0.711884 0.180833 0.708876 0.199546 0.693750 0.206445 0.681020 0.197654 0.673478 0.180833 0.679009 0.162745 0.693750 0.156575 0.708479 0.162617
0 0.700668 0.138333 0.695896 0.161126 0.677500 0.168620 0.662281 0.157894 0.651979 0.138333 0.659376 0.116657 0.677500 0.108423 0.694735 0.119158
0 0.739486 0.528333 0.732099 0.553216 0.715625 0.565833 0.698629 0.554819 0.690643 0.528333 0.697791 0.502029 0.715625 0.495074 0.732477 0.500925
0 0.766615 0.430000 0.762388 0.454655 0.745625 0.462822 0.730348 0.452288 0.724702 0.430000 0.729667 0.406092 0.745625 0.399236 0.760940 0.406706
0 0.463564 0.487500 0.455326 0.508391 0.433125 0.521045 0.411774 0.510000 0.405513 0.487500 0.412176 0.465313 0.433125 0.451945 0.452240 0.462304
0 0.409816 0.149167 0.405253 0.177182 0.394375 0.184574 0.383391 0.174437 0.376645 0.149167 0.382495 0.123334 0.394375 0.111073 0.405446 0.121273
0 0.316727 0.364167 0.312985 0.390058 0.296250 0.398682 0.279316 0.387855 0.274359 0.364167 0.280809 0.337897 0.296250 0.332353 0.311642 0.341905
0 0.353895 0.342500 0.349050 0.361446 0.335625 0.369063 0.322336 0.360953 0.315460 0.342500 0.320692 0.323806 0.335625 0.314660 0.348845 0.322599
0 0.485588 0.258333 0.480625 0.284188 0.468750 0.296994 0.456424 0.285343 0.451376 0.258333 0.456773 0.231056 0.468750 0.221722 0.480137 0.229516
0 0.475441 0.580833 0.472154 0.603675 0.454375 0.611258 0.438775 0.602018 0.430219 0.580833 0.439327 0.557906 0.454375 0.552723 0.472199 0.560096
0 0.810713 0.353333 0.802637 0.372432 0.787500 0.379835 0.772725 0.374635 0.767144 0.353333 0.770027 0.332584 0.787500 0.327527 0.802526 0.332302
0 0.505959 0.545833 0.499400 0.563778 0.485625 0.572138 0.471449 0.566223 0.466414 0.545833 0.471006 0.527491 0.485625 0.519459 0.499032 0.528170
0 0.346507 0.547500 0.341553 0.563736 0.331875 0.570083 0.321370 0.562400 0.317862 0.547500 0.321253 0.532415 0.331875 0.524672 0.341464 0.530478
0 0.525615 0.406667 0.515534 0.426365 0.500000 0.437797 0.482936 0.429140 0.478275 0.406667 0.482548 0.383539 0.500000 0.375022 0.517231 0.383504
0 0.510297 0.260833 0.503268 0.289669 0.488750 0.303813 0.474561 0.287218 0.468114 0.260833 0.474680 0.231327 0.488750 0.224933 0.503683 0.231636
0 0.605631 0.094167 0.597919 0.116089 0.583125 0.127002 0.569152 0.119256 0.562697 0.094167 0.566244 0.071154 0.583125 0.060007 0.599962 0.071842
0 0.671487 0.230000 0.667089 0.257203 0.655625 0.271396 0.644416 0.256609 0.639866 0.230000 0.645125 0.202495 0.655625 0.189415 0.665625 0.200605
0 0.452713 0.384167 0.447053 0.402811 0.434375 0.407551 0.422431 0.400437 0.416685 0.384167 0.422705 0.368462 0.434375 0.358979 0.446396 0.368763
0 0.539475 0.105833 0.532174 0.141067 0.516250 0.157363 0.499908 0.146224 0.494359 0.105833 0.500250 0.069723 0.516250 0.053203 0.529891 0.067107
0 0.519392 0.328333 0.514786 0.346138 0.503125 0.350178 0.490849 0.344040 0.484978 0.328333 0.491910 0.311646 0.503125 0.303887 0.514305 0.311343
0 0.796643 0.406667 0.788612 0.434096 0.771875 0.442009 0.755087 0.431923 0.750664 0.406667 0.756650 0.378259 0.771875 0.365695 0.786700 0.381667
0 0.305758 0.447500 0.299663 0.465429 0.288125 0.472178 0.275237 0.467301 0.269646 0.447500 0.277296 0.427742 0.288125 0.422756 0.299276 0.427584
0 0.311877 0.386667 0.304066 0.405770 0.289375 0.415651 0.273371 0.405804 0.269499 0.386667 0.274519 0.367655 0.289375 0.358075 0.302734 0.366886
0 0.354132 0.372500 0.347745 0.397068 0.332500 0.404826 0.319041 0.397625 0.312697 0.372500 0.319628 0.346834 0.332500 0.335082 0.345304 0.349932
0 0.513406 0.268333 0.503319 0.299823 0.485625 0.313233 0.467776 0.303318 0.458599 0.268333 0.466200 0.232956 0.485625 0.224841 0.502593 0.237949
0 0.480223 0.345000 0.477650 0.363806 0.466875 0.367518 0.457609 0.363609 0.451962 0.345000 0.456651 0.328069 0.466875 0.318747 0.477622 0.326798
0 0.695449 0.400000 0.687488 0.421262 0.671875 0.428256 0.656501 0.421934 0.650613 0.400000 0.655591 0.380469 0.671875 0.372473 0.688278 0.381662
0 0.583181 0.701667 0.578496 0.725730 0.565000 0.732911 0.553036 0.721886 0.548255 0.701667 0.552522 0.678987 0.565000 0.671315 0.577761 0.679757
0 0.518416 0.549167 0.513695 0.570264 0.500000 0.576920 0.486585 0.569734 0.482773 0.549167 0.486749 0.527684 0.500000 0.518151 0.513560 0.528006
0 0.551176 0.591667 0.540906 0.612071 0.523750 0.625690 0.504990 0.614136 0.499196 0.591667 0.505015 0.568799 0.523750 0.557174 0.541124 0.569347
0 0.480790 0.118333 0.474116 0.135507 0.463750 0.142089 0.451396 0.136278 0.447971 0.118333 0.451600 0.099087 0.463750 0.092613 0.475730 0.101597
0 0.692865 0.389167 0.688684 0.424945 0.671875 0.439916 0.654900 0.425494 0.647847 0.389167 0.655141 0.354158 0.671875 0.345405 0.688166 0.352559
0 0.479194 0.360000 0.471428 0.381622 0.456875 0.396289 0.440019 0.382571 0.435644 0.360000 0.442905 0.338307 0.456875 0.326078 0.473124 0.334728
0 0.598994 0.208333 0.597160 0.228231 0.588125 0.239111 0.580422 0.229561 0.575685 0.208333 0.579781 0.189621 0.588125 0.181540 0.596973 0.188419
0 0.525366 0.393333 0.520925 0.426890 0.505000 0.435629 0.491224 0.424093 0.481808 0.393333 0.490072 0.364237 0.505000 0.351488 0.520829 0.359943
0 0.542639 0.588333 0.535066 0.606223 0.516250 0.615898 0.495071 0.608089 0.489673 0.588333 0.496443 0.570763 0.516250 0.563630 0.534595 0.569535
0 0.723638 0.455833 0.718519 0.471385 0.706250 0.478656 0.694477 0.473341 0.688466 0.455833 0.694384 0.439808 0.706250 0.433303 0.717422 0.439264
0 0.505991 0.390833 0.500892 0.416947 0.486250 0.431943 0.471915 0.417153 0.464877 0.390833 0.473279 0.359981 0.486250 0.347651 0.501180 0.360245
0 0.481642 0.355833 0.475019 0.380423 0.461875 0.388553 0.448232 0.382211 0.442684 0.355833 0.449702 0.330644 0.461875 0.323390 0.474360 0.330770
0 0.376814 0.550833 0.366224 0.569105 0.346250 0.577118 0.324287 0.569479 0.315702 0.550833 0.327513 0.531838 0.346250 0.522734 0.368447 0.534277
0 0.649206 0.235000 0.646064 0.255419 0.634375 0.268008 0.624386 0.256648 0.619979 0.235000 0.623583 0.211490 0.634375 0.206198 0.645470 0.214274
0 0.310566 0.318333 0.306235 0.330369 0.294375 0.336504 0.284412 0.330273 0.279087 0.318333 0.284147 0.306158 0.294375 0.301156 0.306000 0.307013
