0 0.776784 0.280833 0.771869 0.301640 0.754375 0.311833 0.735514 0.303347 0.732096 0.280833 0.736193 0.257829 0.754375 0.248263 0.772348 0.261026
1 0.647421 0.403333 0.638166 0.431728 0.613125 0.447517 0.588212 0.433559 0.578940 0.403333 0.588597 0.374217 0.613125 0.358487 0.636616 0.371582
0 0.789758 0.442500 0.780264 0.463965 0.762500 0.474388 0.743742 0.463906 0.736810 0.442500 0.742359 0.420400 0.762500 0.413018 0.783459 0.420652
0 0.653370 0.606667 0.646631 0.628101 0.630625 0.638686 0.616126 0.627345 0.608693 0.606667 0.614868 0.585474 0.630625 0.574833 0.646102 0.585796
0 0.565581 0.605833 0.559846 0.625285 0.543750 0.634554 0.527991 0.627094 0.519327 0.605833 0.527520 0.587644 0.543750 0.579420 0.559573 0.587241
0 0.413116 0.269167 0.410566 0.283654 0.395625 0.289433 0.381694 0.284368 0.374644 0.269167 0.381251 0.252412 0.395625 0.244565 0.409264 0.252291
0 0.751357 0.341667 0.744168 0.362427 0.728125 0.372689 0.712954 0.364132 0.704543 0.341667 0.712474 0.319961 0.728125 0.312488 0.742442 0.317432
0 0.514343 0.261667 0.508864 0.284447 0.495000 0.291777 0.481888 0.284161 0.475302 0.261667 0.481336 0.240181 0.495000 0.227733 0.509233 0.236300
0 0.461887 0.309167 0.456366 0.327199 0.441875 0.334393 0.425915 0.328152 0.421186 0.309167 0.424979 0.291299 0.441875 0.285081 0.456250 0.289166
0 0.351629 0.535833 0.344473 0.557990 0.328750 0.566376 0.312489 0.557241 0.306260 0.535833 0.313380 0.513520 0.328750 0.508682 0.343718 0.516198
0 0.394444 0.538333 0.388635 0.553716 0.374375 0.559973 0.359325 0.555047 0.350465 0.538333 0.358258 0.522465 0.374375 0.513581 0.388533 0.523118
0 0.391039 0.590000 0.382237 0.613381 0.363750 0.621258 0.347460 0.612758 0.339726 0.590000 0.345993 0.564185 0.363750 0.558345 0.382041 0.565978
0 0.535094 0.413333 0.529169 0.431246 0.515625 0.438705 0.503677 0.431290 0.496164 0.413333 0.502485 0.395869 0.515625 0.386728 0.528946 0.396291
0 0.376343 0.430833 0.370509 0.453099 0.355625 0.462346 0.342351 0.450871 0.336115 0.430833 0.340612 0.412138 0.355625 0.402861 0.369080 0.411153
0 0.516778 0.154167 0.509177 0.175041 0.495000 0.184069 0.479914 0.173116 0.473614 0.154167 0.481652 0.134807 0.495000 0.126944 0.509228 0.134363
0 0.771705 0.398333 0.763254 0.422026 0.742500 0.430354 0.723944 0.420152 0.715563 0.398333 0.722044 0.375707 0.742500 0.368268 0.761946 0.375390
0 0.438429 0.423333 0.433114 0.443901 0.419375 0.452288 0.406548 0.443058 0.401329 0.423333 0.406124 0.402335 0.419375 0.392748 0.431895 0.403212
0 0.568401 0.237500 0.563779 0.259048 0.549375 0.267143 0.536191 0.259554 0.527360 0.237500 0.535987 0.215573 0.549375 0.206493 0.565155 0.214201
0 0.650043 0.168333 0.643590 0.188948 0.628125 0.194153 0.612490 0.190109 0.605324 0.168333 0.612960 0.148858 0.628125 0.139006 0.642678 0.147991
0 0.540850 0.284167 0.536068 0.305589 0.524375 0.314144 0.512136 0.307893 0.507324 0.284167 0.511625 0.258944 0.524375 0.252640 0.537618 0.259699
0 0.541758 0.220833 0.533270 0.241778 0.518125 0.250802 0.502748 0.243823 0.496343 0.220833 0.500982 0.200731 0.518125 0.186927 0.535280 0.198423
0 0.606405 0.127500 0.596804 0.150706 0.571250 0.162072 0.547850 0.152256 0.537201 0.127500 0.548933 0.101821 0.571250 0.093334 0.596821 0.103028
0 0.715348 0.227500 0.711306 0.253277 0.694375 0.263972 0.677139 0.251954 0.671824 0.227500 0.678035 0.204493 0.694375 0.192736 0.710898 0.203608
0 0.326690 0.410000 0.322177 0.430342 0.306250 0.435864 0.289903 0.428911 0.283996 0.410000 0.290779 0.391892 0.306250 0.383653 0.321192 0.392860
0 0.733468 0.293333 0.726036 0.318525 0.708750 0.329686 0.692674 0.319312 0.684692 0.293333 0.692672 0.269326 0.708750 0.260933 0.724729 0.270425
0 0.604167 0.178333 0.597550 0.194631 0.580000 0.203397 0.559849 0.196420 0.552957 0.178333 0.562654 0.161212 0.580000 0.155578 0.596733 0.163015
0 0.736831 0.165833 0.728117 0.187537 0.713750 0.197816 0.697004 0.188100 0.689285 0.165833 0.699082 0.144847 0.713750 0.130362 0.729837 0.144731
0 0.363004 0.500833 0.357030 0.521824 0.342500 0.535963 0.327057 0.524541 0.321530 0.500833 0.328578 0.477044 0.342500 0.465213 0.356780 0.477882
0 0.751353 0.231667 0.746503 0.254669 0.730000 0.260785 0.715476 0.255905 0.707676 0.231667 0.715931 0.207173 0.730000 0.201156 0.743648 0.210884
0 0.347117 0.438333 0.341338 0.458632 0.326250 0.464895 0.308762 0.458928 0.303209 0.438333 0.309404 0.417635 0.326250 0.410398 0.343053 0.418860
0 0.421709 0.387500 0.414690 0.404945 0.398750 0.412307 0.384494 0.405487 0.376997 0.387500 0.382877 0.369287 0.398750 0.362658 0.414999 0.368130
0 0.404130 0.435833 0.401260 0.455738 0.388750 0.468514 0.376993 0.458575 0.373847 0.435833 0.378268 0.414720 0.388750 0.405649 0.400696 0.412914
0 0.412473 0.495000 0.408347 0.514189 0.396875 0.520548 0.384327 0.514259 0.380306 0.495000 0.385263 0.475180 0.396875 0.468626 0.409647 0.476753
0 0.385091 0.489167 0.378467 0.510441 0.366250 0.519329 0.354275 0.509168 0.347526 0.489167 0.352698 0.468973 0.366250 0.460097 0.380412 0.468438
0 0.466518 0.652500 0.459063 0.673672 0.442500 0.681135 0.427481 0.671383 0.420763 0.652500 0.425149 0.631235 0.442500 0.623967 0.456845 0.632965
0 0.622800 0.346667 0.614510 0.361569 0.600625 0.364757 0.585136 0.359563 0.580426 0.346667 0.586060 0.332253 0.600625 0.325021 0.615364 0.331541
0 0.667277 0.216667 0.659176 0.237461 0.646250 0.245600 0.631341 0.236271 0.624357 0.216667 0.632363 0.195414 0.646250 0.188294 0.661284 0.196226
0 0.489058 0.288333 0.481465 0.312699 0.465625 0.319467 0.449315 0.311580 0.444112 0.288333 0.449395 0.267451 0.465625 0.255603 0.479638 0.268111
0 0.650260 0.317500 0.646725 0.336804 0.631875 0.343696 0.616840 0.336238 0.612326 0.317500 0.617232 0.298329 0.631875 0.289033 0.644658 0.297411
0 0.693516 0.197500 0.687425 0.227304 0.671250 0.240189 0.653381 0.230416 0.649193 0.197500 0.655573 0.164918 0.671250 0.155171 0.687644 0.165738
0 0.740367 0.487500 0.730901 0.511783 0.716250 0.520603 0.701426 0.509556 0.692681 0.487500 0.699268 0.462419 0.716250 0.456564 0.731893 0.461592
0 0.501155 0.335000 0.495708 0.356703 0.482500 0.367352 0.469875 0.357167 0.463876 0.335000 0.468194 0.311992 0.482500 0.302962 0.496901 0.313793
0 0.525212 0.373333 0.518346 0.388630 0.503125 0.394520 0.486680 0.390840 0.479448 0.373333 0.487497 0.358020 0.503125 0.351752 0.519818 0.356378
0 0.696469 0.415833 0.690030 0.434482 0.672500 0.443273 0.655354 0.437865 0.647421 0.415833 0.654511 0.393254 0.672500 0.388762 0.692904 0.394146
0 0.720452 0.376667 0.712365 0.395447 0.694375 0.404082 0.674627 0.396649 0.666811 0.376667 0.676129 0.357576 0.694375 0.347925 0.711709 0.358390
0 0.324009 0.356667 0.319455 0.379926 0.305000 0.383884 0.290992 0.376015 0.283482 0.356667 0.291417 0.337092 0.305000 0.328880 0.320101 0.335924
0 0.684384 0.617500 0.678498 0.636441 0.665625 0.644865 0.651328 0.635826 0.645441 0.617500 0.651875 0.599263 0.665625 0.594242 0.679136 0.599673
0 0.553182 0.169167 0.545045 0.187596 0.529375 0.191684 0.513160 0.185168 0.507398 0.169167 0.511182 0.151461 0.529375 0.143079 0.547711 0.153537
0 0.461914 0.441667 0.456392 0.460089 0.443125 0.464560 0.430617 0.460581 0.423532 0.441667 0.429221 0.425405 0.443125 0.414515 0.455493 0.423616
0 0.511930 0.575000 0.504135 0.590542 0.489375 0.596316 0.473794 0.592960 0.468793 0.575000 0.475676 0.559265 0.489375 0.549986 0.502797 0.559358
0 0.438537 0.129167 0.432417 0.149202 0.416250 0.158150 0.398871 0.152136 0.395862 0.129167 0.401609 0.107172 0.416250 0.100606 0.431981 0.105593
0 0.561914 0.439167 0.556603 0.455622 0.543750 0.462816 0.530947 0.458905 0.526018 0.439167 0.529570 0.421598 0.543750 0.410807 0.556186 0.421840
0 0.428816 0.356667 0.421081 0.376416 0.409375 0.386947 0.396701 0.377804 0.392784 0.356667 0.397677 0.336900 0.409375 0.328928 0.421589 0.334598
0 0.500664 0.410833 0.494802 0.430287 0.480000 0.440731 0.466854 0.428414 0.461503 0.410833 0.465452 0.389879 0.480000 0.381436 0.494743 0.391045
0 0.458331 0.497500 0.453159 0.519413 0.441250 0.533211 0.428898 0.519629 0.424518 0.497500 0.429515 0.474828 0.441250 0.463682 0.452381 0.475430
0 0.577594 0.293333 0.572352 0.309396 0.558750 0.318359 0.544259 0.311895 0.541606 0.293333 0.544367 0.275249 0.558750 0.266447 0.572723 0.275699
0 0.562955 0.083333 0.555744 0.107066 0.538125 0.122857 0.519311 0.107839 0.515960 0.083333 0.519209 0.055325 0.538125 0.046646 0.555780 0.054819
0 0.602679 0.231667 0.596097 0.254013 0.580625 0.264334 0.567038 0.254498 0.560132 0.231667 0.567272 0.210147 0.580625 0.200883 0.596020 0.206717
0 0.671292 0.550833 0.662113 0.575367 0.645625 0.580134 0.629869 0.575749 0.621978 0.550833 0.629949 0.526297 0.645625 0.519392 0.662962 0.526251
0 0.621933 0.306667 0.616450 0.323391 0.600000 0.330500 0.586080 0.324406 0.580804 0.306667 0.584893 0.289785 0.600000 0.282497 0.615706 0.290053
0 0.628639 0.218333 0.623899 0.242636 0.610000 0.254933 0.597074 0.244398 0.590113 0.218333 0.598017 0.193377 0.610000 0.180525 0.623075 0.195261
0 0.416972 0.580000 0.411770 0.600584 0.397500 0.612779 0.384759 0.602443 0.377176 0.580000 0.384199 0.556730 0.397500 0.546990 0.410139 0.558127
0 0.387413 0.245000 0.381001 0.268150 0.366250 0.276192 0.352717 0.266577 0.345248 0.245000 0.353455 0.224368 0.366250 0.214178 0.381487 0.221735
0 0.323291 0.485000 0.320249 0.505211 0.305000 0.515565 0.291745 0.503570 0.286727 0.485000 0.291154 0.463561 0.305000 0.458208 0.317862 0.465902
0 0.693165 0.497500 0.686857 0.520666 0.665625 0.527092 0.647684 0.520069 0.635319 0.497500 0.646372 0.475178 0.665625 0.468651 0.685244 0.475871
0 0.532188 0.324167 0.527485 0.342356 0.515625 0.347001 0.502220 0.339624 0.496615 0.324167 0.503968 0.307180 0.515625 0.300681 0.527211 0.306777
0 0.533998 0.525000 0.528246 0.542129 0.511875 0.551637 0.495217 0.542566 0.490225 0.525000 0.496175 0.506804 0.511875 0.500184 0.526329 0.505568
0 0.448841 0.272500 0.442412 0.295080 0.429375 0.301212 0.414329 0.294139 0.409043 0.272500 0.415824 0.253447 0.429375 0.243582 0.442989 0.250695
0 0.462454 0.358333 0.456944 0.377554 0.443750 0.382400 0.431476 0.375726 0.425963 0.358333 0.431073 0.340319 0.443750 0.330347 0.456728 0.339287
0 0.593895 0.534167 0.586876 0.555548 0.571250 0.559284 0.555989 0.552510 0.551837 0.534167 0.555573 0.516553 0.571250 0.505431 0.587164 0.512897
0 0.613750 0.470000 0.606446 0.484495 0.593750 0.489897 0.580146 0.486286 0.576273 0.470000 0.580775 0.455051 0.593750 0.448873 0.605814 0.456080
0 0.494122 0.228333 0.484782 0.247087 0.468125 0.257135 0.451040 0.250311 0.443775 0.228333 0.450211 0.208319 0.468125 0.200970 0.484891 0.207393
0 0.532123 0.600833 0.525644 0.616751 0.510000 0.620298 0.495141 0.614368 0.488264 0.600833 0.495927 0.586193 0.510000 0.577957 0.523579 0.586379
0 0.462178 0.396667 0.458547 0.412408 0.445000 0.420085 0.433506 0.413880 0.426919 0.396667 0.433844 0.380133 0.445000 0.375383 0.456235 0.380923
0 0.550752 0.563333 0.543117 0.578370 0.528125 0.586231 0.514131 0.578285 0.505726 0.563333 0.514597 0.547402 0.528125 0.540385 0.542012 0.545342
0 0.539963 0.466667 0.533281 0.487113 0.518750 0.494939 0.505368 0.487192 0.497243 0.466667 0.503841 0.448163 0.518750 0.439690 0.532044 0.446498
0 0.456541 0.191667 0.449068 0.209701 0.434375 0.218998 0.419582 0.213264 0.412472 0.191667 0.419134 0.172365 0.434375 0.164437 0.448033 0.173138
0 0.701711 0.139167 0.694998 0.159418 0.676875 0.168012 0.658955 0.158308 0.648545 0.139167 0.658542 0.118571 0.676875 0.110152 0.695597 0.120550
0 0.502588 0.550000 0.489911 0.568249 0.471250 0.575921 0.451550 0.571929 0.445346 0.550000 0.452659 0.530438 0.471250 0.523136 0.491806 0.528817
0 0.475756 0.124167 0.465837 0.144118 0.446875 0.157208 0.425630 0.147472 0.417343 0.124167 0.424659 0.102459 0.446875 0.090499 0.468764 0.103209
0 0.522113 0.645833 0.518814 0.664984 0.505000 0.670756 0.492774 0.663397 0.487101 0.645833 0.490579 0.628018 0.505000 0.618681 0.517271 0.627071
0 0.489999 0.608333 0.484193 0.631667 0.466250 0.637039 0.448999 0.628226 0.442254 0.608333 0.447167 0.588775 0.466250 0.579003 0.482983 0.587039
0 0.638466 0.097500 0.629494 0.120931 0.608750 0.132890 0.585581 0.121534 0.578702 0.097500 0.589000 0.071081 0.608750 0.058925 0.628315 0.070418
0 0.445606 0.528333 0.436501 0.547499 0.420625 0.553268 0.403467 0.547219 0.396681 0.528333 0.401683 0.509170 0.420625 0.502112 0.438232 0.510552
0 0.444693 0.567500 0.439520 0.584854 0.425625 0.589333 0.411531 0.583570 0.403607 0.567500 0.410898 0.551346 0.425625 0.544712 0.440135 0.550675
0 0.584952 0.335833 0.579462 0.352344 0.561250 0.361376 0.542963 0.352311 0.538790 0.335833 0.545298 0.319492 0.561250 0.309829 0.577644 0.318414
0 0.309263 0.539167 0.301996 0.560145 0.287500 0.568423 0.271242 0.558442 0.267191 0.539167 0.272595 0.520572 0.287500 0.514195 0.301415 0.521512
0 0.483451 0.178333 0.476728 0.195596 0.461875 0.203425 0.446958 0.198317 0.438005 0.178333 0.446727 0.158865 0.461875 0.153099 0.476141 0.157884
0 0.666419 0.266667 0.659927 0.283741 0.639375 0.292007 0.617693 0.283477 0.610142 0.266667 0.620995 0.249756 0.639375 0.245395 0.658032 0.251695
0 0.562785 0.394167 0.559933 0.409879 0.542500 0.414448 0.525635 0.410024 0.521925 0.394167 0.525032 0.378033 0.542500 0.372839 0.557376 0.378970
0 0.436336 0.477500 0.429634 0.493101 0.418125 0.500731 0.405077 0.495554 0.402401 0.477500 0.407347 0.458839 0.418125 0.453739 0.429903 0.460278
0 0.377728 0.383333 0.373086 0.401370 0.356875 0.408692 0.342612 0.402265 0.333983 0.383333 0.340789 0.364459 0.356875 0.355713 0.372379 0.362722
0 0.349127 0.348333 0.345241 0.369719 0.329375 0.378647 0.314627 0.369249 0.308070 0.348333 0.315861 0.324489 0.329375 0.319364 0.343351 0.326720
0 0.491735 0.500833 0.485957 0.516317 0.473750 0.524860 0.460177 0.515173 0.455055 0.500833 0.460455 0.484977 0.473750 0.479340 0.487188 0.486458
0 0.602717 0.509167 0.596771 0.523959 0.583125 0.531598 0.569485 0.524201 0.566256 0.509167 0.571078 0.494654 0.583125 0.488853 0.595309 0.494393
0 0.350772 0.246667 0.345368 0.268700 0.331250 0.279520 0.317590 0.267269 0.312866 0.246667 0.318033 0.226218 0.331250 0.214898 0.343592 0.227431
0 0.517236 0.480000 0.512112 0.499091 0.501875 0.507907 0.491186 0.497389 0.487047 0.480000 0.491134 0.462946 0.501875 0.453788 0.511291 0.461212
0 0.493326 0.458333 0.485470 0.479676 0.471875 0.486116 0.455917 0.478466 0.449728 0.458333 0.457475 0.437699 0.471875 0.430717 0.485362 0.439471
0 0.340264 0.296667 0.334777 0.315046 0.320000 0.323274 0.304106 0.313341 0.300441 0.296667 0.305496 0.278179 0.320000 0.271465 0.333871 0.279779
0 0.699890 0.464167 0.696394 0.480250 0.676250 0.486070 0.657474 0.479893 0.650467 0.464167 0.657268 0.448867 0.676250 0.443287 0.696116 0.447309
0 0.632971 0.494167 0.629783 0.511907 0.614375 0.520319 0.599341 0.512539 0.592298 0.494167 0.600521 0.477412 0.614375 0.471901 0.627593 0.475880
0 0.294015 0.342500 0.289515 0.364385 0.276250 0.372843 0.263111 0.364677 0.259082 0.342500 0.262716 0.318610 0.276250 0.310949 0.289619 0.318968
0 0.685928 0.291667 0.680910 0.311439 0.666875 0.322458 0.652698 0.313193 0.647550 0.291667 0.653693 0.269092 0.666875 0.262885 0.680519 0.269036
0 0.598094 0.626667 0.589521 0.646340 0.573125 0.655403 0.558134 0.644294 0.548482 0.626667 0.556665 0.609285 0.573125 0.598341 0.588711 0.606568
0 0.770332 0.570833 0.762014 0.590121 0.744375 0.594766 0.724379 0.587660 0.718759 0.570833 0.726515 0.552486 0.744375 0.543082 0.764692 0.552318
0 0.404456 0.203333 0.397397 0.220118 0.381250 0.228716 0.362828 0.221481 0.358466 0.203333 0.364320 0.187393 0.381250 0.176353 0.397054 0.185478
0 0.587530 0.441667 0.582308 0.462047 0.569375 0.466636 0.557735 0.462040 0.549611 0.441667 0.556812 0.424562 0.569375 0.412871 0.581410 0.422726
0 0.668641 0.111667 0.660114 0.132733 0.643125 0.140922 0.626517 0.134910 0.619583 0.111667 0.627501 0.091388 0.643125 0.080089 0.660327 0.089574
0 0.375756 0.293333 0.370543 0.312986 0.357500 0.319173 0.344143 0.313246 0.337396 0.293333 0.343389 0.272971 0.357500 0.267277 0.372238 0.275090
0 0.405493 0.644167 0.398134 0.663852 0.385625 0.669003 0.372381 0.660754 0.367038 0.644167 0.372379 0.626395 0.385625 0.617433 0.399810 0.625762
0 0.574417 0.558333 0.569494 0.577878 0.555625 0.583423 0.541944 0.577539 0.538139 0.558333 0.541837 0.541214 0.555625 0.531387 0.570636 0.540105
0 0.609674 0.660000 0.601336 0.677041 0.587500 0.684278 0.573194 0.678189 0.564283 0.660000 0.571509 0.643746 0.587500 0.635050 0.601647 0.643789
0 0.616937 0.270833 0.609312 0.287845 0.590000 0.291222 0.570886 0.286939 0.567300 0.270833 0.573821 0.254799 0.590000 0.246603 0.608931 0.253549
0 0.642447 0.666667 0.634649 0.687666 0.620000 0.694555 0.606090 0.687821 0.600172 0.666667 0.606216 0.645348 0.620000 0.636607 0.635146 0.643695
0 0.411558 0.315833 0.403506 0.335035 0.390000 0.343954 0.375341 0.334810 0.370020 0.315833 0.376399 0.298220 0.390000 0.291990 0.403478 0.299135
0 0.651562 0.467500 0.645233 0.483987 0.630000 0.492251 0.614839 0.487039 0.609556 0.467500 0.616862 0.449675 0.630000 0.439666 0.642790 0.449820
0 0.642142 0.520000 0.638238 0.536855 0.620625 0.543284 0.603525 0.537276 0.599009 0.520000 0.603620 0.502795 0.620625 0.493926 0.637566 0.502969
0 0.413441 0.165833 0.409400 0.185392 0.390625 0.193936 0.372769 0.185652 0.365671 0.165833 0.372693 0.146722 0.390625 0.141225 0.406199 0.148062
0 0.390375 0.345833 0.385037 0.364877 0.370000 0.371865 0.354797 0.366012 0.349091 0.345833 0.355909 0.328130 0.370000 0.320414 0.383915 0.324534
0 0.575694 0.485833 0.571012 0.500170 0.558125 0.508198 0.545736 0.501184 0.537955 0.485833 0.544338 0.471009 0.558125 0.461696 0.572111 0.468602
0 0.349516 0.192500 0.343695 0.209664 0.328750 0.220133 0.315327 0.212370 0.309306 0.192500 0.315926 0.173555 0.328750 0.165154 0.342602 0.173030
0 0.719031 0.542500 0.712011 0.565874 0.695000 0.577889 0.677874 0.563652 0.671447 0.542500 0.679295 0.520344 0.695000 0.506781 0.713216 0.519513
0 0.443876 0.219167 0.426353 0.248191 0.399375 0.259224 0.371075 0.244288 0.354056 0.219167 0.371139 0.191874 0.399375 0.177964 0.427273 0.191146
0 0.699633 0.575833 0.691537 0.597210 0.678125 0.601009 0.664540 0.595186 0.657320 0.575833 0.663391 0.558096 0.678125 0.550465 0.692845 0.557895
0 0.555388 0.352500 0.548880 0.369081 0.536875 0.379915 0.524154 0.371810 0.517180 0.352500 0.525278 0.333317 0.536875 0.324103 0.549380 0.333759
0 0.551403 0.515000 0.546712 0.532282 0.535000 0.536545 0.522325 0.531950 0.518547 0.515000 0.522704 0.500036 0.535000 0.491577 0.546960 0.497407
0 0.695436 0.337500 0.687815 0.357535 0.673125 0.366005 0.657180 0.359502 0.650312 0.337500 0.656616 0.316795 0.673125 0.310295 0.689496 0.316352
0 0.726610 0.637500 0.719515 0.665610 0.703750 0.675730 0.688918 0.667809 0.680511 0.637500 0.688883 0.610167 0.703750 0.599142 0.720009 0.611779
0 0.393174 0.672500 0.388149 0.689435 0.373125 0.700905 0.356831 0.690102 0.349065 0.672500 0.358068 0.655622 0.373125 0.648636 0.388411 0.655005
0 0.498191 0.669167 0.490503 0.686888 0.475625 0.695575 0.459618 0.688441 0.453367 0.669167 0.461012 0.649453 0.475625 0.640932 0.491312 0.648253
0 0.583346 0.345833 0.574229 0.367726 0.553750 0.377580 0.532447 0.371043 0.526405 0.345833 0.531234 0.324054 0.553750 0.316030 0.576627 0.323749
0 0.524561 0.102500 0.519106 0.122559 0.497500 0.130208 0.477745 0.123729 0.466877 0.102500 0.478223 0.083640 0.497500 0.076166 0.517950 0.081558
0 0.455409 0.496667 0.448568 0.522246 0.435000 0.529879 0.420098 0.518731 0.413903 0.496667 0.420346 0.472914 0.435000 0.466065 0.450815 0.474138
0 0.291320 0.406667 0.286522 0.430757 0.270000 0.437824 0.254058 0.429428 0.246704 0.406667 0.253539 0.385754 0.270000 0.373099 0.285254 0.383860
0 0.430031 0.635000 0.424546 0.652536 0.410000 0.656992 0.395946 0.652317 0.389765 0.635000 0.396458 0.617115 0.410000 0.611837 0.424333 0.619949
0 0.624897 0.569167 0.617185 0.592730 0.604375 0.604164 0.590079 0.591743 0.583110 0.569167 0.591212 0.544691 0.604375 0.533913 0.617975 0.546250
0 0.449629 0.700833 0.443557 0.730400 0.421250 0.738180 0.402083 0.731767 0.389971 0.700833 0.401328 0.672936 0.421250 0.656420 0.441167 0.671937
0 0.439208 0.223333 0.431799 0.248861 0.412500 0.254067 0.394433 0.245214 0.386775 0.223333 0.393994 0.199418 0.412500 0.188082 0.433098 0.202006
0 0.349384 0.603333 0.342823 0.626492 0.328125 0.635660 0.314855 0.627268 0.309423 0.603333 0.315127 0.579001 0.328125 0.574139 0.342893 0.582701
0 0.577529 0.393333 0.570064 0.407504 0.556250 0.414276 0.539774 0.409619 0.533232 0.393333 0.542465 0.378427 0.556250 0.373701 0.571579 0.377087
0 0.554169 0.656667 0.546669 0.675489 0.535000 0.686067 0.522990 0.676156 0.517507 0.656667 0.522905 0.634689 0.535000 0.630659 0.547654 0.637627
0 0.664712 0.364167 0.661122 0.385164 0.649375 0.393954 0.636366 0.382366 0.633875 0.364167 0.638332 0.343033 0.649375 0.335719 0.662231 0.344357
0 0.486402 0.697500 0.482480 0.716234 0.468125 0.723852 0.455585 0.715363 0.449161 0.697500 0.454670 0.677665 0.468125 0.669967 0.482132 0.680637
0 0.317116 0.275000 0.308355 0.293301 0.293125 0.302226 0.279037 0.293034 0.272630 0.275000 0.277291 0.258681 0.293125 0.250423 0.309403 0.258539
0 0.493430 0.683333 0.487896 0.711286 0.472500 0.721427 0.456021 0.710557 0.450016 0.683333 0.457330 0.655493 0.472500 0.646027 0.489514 0.657335
0 0.715280 0.660833 0.706708 0.679548 0.691875 0.686880 0.676693 0.678852 0.667875 0.660833 0.674259 0.642859 0.691875 0.637374 0.707446 0.644809
0 0.582501 0.368333 0.578938 0.380210 0.567500 0.385655 0.556357 0.380988 0.552448 0.368333 0.554902 0.356242 0.567500 0.350529 0.579414 0.356648
0 0.362919 0.640000 0.359671 0.658677 0.343125 0.667587 0.328779 0.658512 0.320474 0.640000 0.326932 0.621357 0.343125 0.615802 0.359700 0.622026
0 0.779729 0.541667 0.767125 0.563919 0.748125 0.572969 0.729075 0.561148 0.718016 0.541667 0.726250 0.520328 0.748125 0.512442 0.770860 0.521918
0 0.782798 0.221667 0.774620 0.240639 0.762500 0.246706 0.748722 0.240955 0.742326 0.221667 0.749174 0.202794 0.762500 0.196409 0.774716 0.203152
0 0.785026 0.350000 0.778389 0.368404 0.765625 0.376823 0.751489 0.369720 0.745231 0.350000 0.751597 0.328263 0.765625 0.324388 0.780190 0.330737
0 0.508054 0.745833 0.501001 0.768148 0.486250 0.779150 0.469260 0.769712 0.463518 0.745833 0.471086 0.721529 0.486250 0.713452 0.501263 0.723303
0 0.580190 0.392500 0.571533 0.409506 0.549375 0.416397 0.529480 0.407967 0.518845 0.392500 0.529116 0.377076 0.549375 0.369257 0.571395 0.376118
0 0.807589 0.363333 0.801636 0.390945 0.782500 0.404207 0.763017 0.389554 0.754858 0.363333 0.763305 0.337565 0.782500 0.322218 0.799207 0.337137
0 0.805608 0.505833 0.790987 0.529778 0.767500 0.544553 0.744221 0.530910 0.732827 0.505833 0.741071 0.480189 0.767500 0.466400 0.792772 0.479031
0 0.698892 0.701667 0.694028 0.716629 0.680625 0.725295 0.667284 0.718776 0.660168 0.701667 0.665671 0.684059 0.680625 0.679973 0.694559 0.684905
0 0.581234 0.385833 0.577808 0.406801 0.566875 0.417483 0.556043 0.405770 0.550492 0.385833 0.555128 0.365260 0.566875 0.355981 0.577263 0.366259
0 0.778635 0.498333 0.769996 0.517791 0.755625 0.527060 0.739794 0.519918 0.734122 0.498333 0.738876 0.475459 0.755625 0.466471 0.772072 0.478825
0 0.672732 0.666667 0.665819 0.686660 0.653750 0.692169 0.641994 0.686981 0.635375 0.666667 0.642451 0.645734 0.653750 0.639717 0.666576 0.648618
0 0.595448 0.713333 0.588478 0.734763 0.576250 0.742489 0.563402 0.735183 0.556573 0.713333 0.563571 0.690389 0.576250 0.685490 0.590242 0.692217
0 0.723051 0.640833 0.718047 0.672563 0.697500 0.690272 0.677553 0.670636 0.669951 0.640833 0.676731 0.606662 0.697500 0.592777 0.717799 0.611271
0 0.602070 0.588333 0.597546 0.605544 0.584375 0.613692 0.570209 0.603669 0.566790 0.588333 0.571433 0.572139 0.584375 0.566147 0.598819 0.570561
0 0.559300 0.718333 0.552567 0.744430 0.525625 0.761809 0.501164 0.744801 0.489113 0.718333 0.501687 0.689764 0.525625 0.679936 0.552681 0.689889
0 0.630645 0.717500 0.623456 0.734531 0.608125 0.742948 0.593443 0.736091 0.586562 0.717500 0.594507 0.700674 0.608125 0.693879 0.623014 0.698500
0 0.647863 0.405000 0.639179 0.433981 0.612500 0.446520 0.586946 0.435318 0.573999 0.405000 0.588465 0.370015 0.612500 0.356593 0.638027 0.374802
0 0.310107 0.602500 0.303816 0.623094 0.291875 0.632181 0.279589 0.623211 0.275469 0.602500 0.278621 0.581712 0.291875 0.575160 0.304442 0.581487
0 0.446082 0.608333 0.442335 0.621749 0.429375 0.627782 0.417684 0.621940 0.414049 0.608333 0.416569 0.595541 0.429375 0.589938 0.442110 0.592896
0 0.573166 0.665000 0.562409 0.689725 0.545000 0.701684 0.524929 0.690815 0.518125 0.665000 0.526955 0.639240 0.545000 0.629302 0.563587 0.637216
0 0.586646 0.378333 0.580671 0.399494 0.570000 0.405169 0.557461 0.396649 0.554168 0.378333 0.558179 0.359801 0.570000 0.347229 0.581409 0.359462
0 0.779216 0.554167 0.768815 0.584170 0.747500 0.598685 0.725885 0.586283 0.715488 0.554167 0.726721 0.526005 0.747500 0.512413 0.768465 0.526092
0 0.376646 0.272500 0.371988 0.304326 0.353125 0.326058 0.336975 0.307451 0.327650 0.272500 0.336104 0.239811 0.353125 0.224452 0.371858 0.237407
0 0.662169 0.350833 0.658293 0.365340 0.645000 0.371448 0.632685 0.365390 0.628066 0.350833 0.631555 0.334614 0.645000 0.327702 0.657234 0.335437
0 0.754476 0.624167 0.750147 0.652598 0.731875 0.662572 0.714198 0.654562 0.707274 0.624167 0.712968 0.594605 0.731875 0.585707 0.748824 0.595276
0 0.579530 0.395000 0.575542 0.407990 0.564375 0.416631 0.553979 0.409426 0.550746 0.395000 0.553441 0.382016 0.564375 0.375437 0.574783 0.381733
0 0.562115 0.725833 0.554857 0.745492 0.537500 0.756373 0.520940 0.748241 0.515195 0.725833 0.520869 0.704684 0.537500 0.694427 0.555070 0.704675
0 0.586768 0.498333 0.582242 0.513808 0.568750 0.521321 0.555309 0.513735 0.550629 0.498333 0.556073 0.481503 0.568750 0.474791 0.582143 0.482989
0 0.546000 0.520833 0.540580 0.538107 0.520000 0.548391 0.500249 0.538812 0.491621 0.520833 0.501358 0.500862 0.520000 0.493745 0.539006 0.504252
0 0.801126 0.507500 0.794913 0.533688 0.779375 0.540719 0.763602 0.531822 0.755478 0.507500 0.764575 0.482756 0.779375 0.474466 0.793753 0.482307
