0 0.759250 0.587500 0.752476 0.610491 0.737500 0.620388 0.720163 0.610520 0.713002 0.587500 0.722977 0.566313 0.737500 0.555199 0.754194 0.564485
0 0.414246 0.160000 0.409412 0.185284 0.393125 0.195238 0.377048 0.183861 0.371095 0.160000 0.376298 0.136349 0.393125 0.127953 0.407786 0.132805
0 0.445653 0.532500 0.439561 0.553042 0.420000 0.558173 0.402011 0.550749 0.393467 0.532500 0.401361 0.514625 0.420000 0.506467 0.439473 0.513640
0 0.458859 0.176667 0.452621 0.195147 0.435625 0.203259 0.420113 0.196481 0.412559 0.176667 0.419967 0.155993 0.435625 0.148275 0.451553 0.157611
0 0.446417 0.280833 0.438614 0.302845 0.424375 0.310714 0.410596 0.303950 0.403282 0.280833 0.408866 0.260135 0.424375 0.250579 0.438706 0.259844
0 0.358876 0.568333 0.351460 0.590620 0.337500 0.597353 0.324033 0.591354 0.316897 0.568333 0.324493 0.547519 0.337500 0.536738 0.350556 0.545144
0 0.538180 0.490000 0.530955 0.509010 0.512500 0.516207 0.494778 0.510619 0.490136 0.490000 0.496820 0.473019 0.512500 0.464821 0.530460 0.471073
0 0.350978 0.438333 0.345277 0.464624 0.332500 0.476826 0.319120 0.468147 0.315409 0.438333 0.318073 0.408798 0.332500 0.396844 0.346844 0.409311
0 0.490651 0.545833 0.482322 0.561481 0.466875 0.567697 0.450681 0.561286 0.442384 0.545833 0.450400 0.527839 0.466875 0.520223 0.484475 0.529145
0 0.793309 0.330833 0.789293 0.355837 0.769375 0.361425 0.750755 0.353267 0.741841 0.330833 0.749648 0.306939 0.769375 0.296110 0.788818 0.309174
0 0.493680 0.319167 0.489652 0.342256 0.476250 0.348661 0.464808 0.341719 0.458271 0.319167 0.463618 0.297342 0.476250 0.284601 0.487471 0.295183
0 0.445749 0.569167 0.440388 0.587161 0.426875 0.591278 0.411908 0.585619 0.407422 0.569167 0.413090 0.551674 0.426875 0.544424 0.439993 0.551883
0 0.431398 0.326667 0.424033 0.351894 0.406250 0.363408 0.388608 0.350025 0.380458 0.326667 0.389175 0.302139 0.406250 0.286937 0.424468 0.298770
0 0.548658 0.307500 0.542987 0.325778 0.530625 0.336267 0.516545 0.327505 0.511833 0.307500 0.518343 0.286230 0.530625 0.280564 0.544078 0.289940
0 0.404270 0.348333 0.400311 0.367571 0.386250 0.375644 0.371737 0.366494 0.366054 0.348333 0.374012 0.328899 0.386250 0.322202 0.399435 0.330101
0 0.439609 0.221667 0.433007 0.243886 0.418125 0.254632 0.403020 0.242719 0.395007 0.221667 0.402876 0.200593 0.418125 0.188905 0.433482 0.200156
0 0.407626 0.684167 0.400650 0.707669 0.385625 0.713410 0.370862 0.704646 0.363989 0.684167 0.369611 0.663762 0.385625 0.651078 0.400198 0.660938
0 0.320032 0.429167 0.313310 0.452613 0.300625 0.460533 0.285927 0.449801 0.281596 0.429167 0.288137 0.406581 0.300625 0.396094 0.314327 0.408132
0 0.573493 0.743333 0.562393 0.764204 0.543750 0.770530 0.524761 0.764229 0.513855 0.743333 0.524079 0.722942 0.543750 0.715094 0.562638 0.723742
0 0.562497 0.622500 0.554720 0.639168 0.538125 0.644390 0.518388 0.638096 0.511819 0.622500 0.519691 0.603956 0.538125 0.599478 0.555189 0.603969
0 0.321331 0.510833 0.314663 0.531805 0.298125 0.539247 0.281495 0.532187 0.276347 0.510833 0.281526 0.491888 0.298125 0.479586 0.313110 0.490584
0 0.582216 0.123333 0.572693 0.149453 0.556875 0.158158 0.540197 0.147845 0.534336 0.123333 0.539772 0.095023 0.556875 0.088129 0.574288 0.095241
0 0.387666 0.610000 0.382599 0.629569 0.366875 0.640809 0.349904 0.629357 0.345704 0.610000 0.350158 0.587474 0.366875 0.577860 0.382894 0.588436
0 0.343669 0.371667 0.336587 0.393046 0.321875 0.402965 0.305866 0.395365 0.297886 0.371667 0.306955 0.347437 0.321875 0.339455 0.337432 0.349577
0 0.481044 0.582500 0.473071 0.600855 0.458125 0.606157 0.442902 0.599715 0.437994 0.582500 0.443552 0.566311 0.458125 0.558388 0.474606 0.564894
0 0.660472 0.304167 0.652532 0.330105 0.636250 0.341086 0.620061 0.329165 0.613330 0.304167 0.621021 0.278311 0.636250 0.268842 0.652977 0.278936
0 0.523138 0.265000 0.515344 0.283148 0.500000 0.291800 0.485371 0.281505 0.479853 0.265000 0.485212 0.246014 0.500000 0.239626 0.516294 0.246721
0 0.479076 0.226667 0.472805 0.246092 0.456875 0.252870 0.439378 0.246834 0.432853 0.226667 0.440458 0.207138 0.456875 0.200486 0.475171 0.206627
0 0.713212 0.403333 0.707861 0.424746 0.693750 0.434015 0.678570 0.423703 0.673219 0.403333 0.678608 0.382497 0.693750 0.376429 0.709036 0.385077
0 0.624079 0.143333 0.620146 0.164383 0.602500 0.173940 0.587246 0.164948 0.579003 0.143333 0.585431 0.122113 0.602500 0.115245 0.620088 0.121962
0 0.610125 0.174167 0.606237 0.190733 0.588125 0.195337 0.569288 0.189369 0.565226 0.174167 0.569473 0.157814 0.588125 0.149855 0.603739 0.158775
0 0.739135 0.204167 0.729889 0.224238 0.705000 0.230702 0.679908 0.224722 0.670621 0.204167 0.680990 0.186510 0.705000 0.174358 0.729091 0.183003
0 0.570349 0.515833 0.565855 0.535331 0.551875 0.543984 0.537005 0.534030 0.530764 0.515833 0.537764 0.496381 0.551875 0.490979 0.566030 0.499144
0 0.717263 0.251667 0.712646 0.269375 0.693125 0.277362 0.675409 0.268652 0.668520 0.251667 0.674372 0.234193 0.693125 0.223273 0.710640 0.232096
0 0.702789 0.623333 0.695001 0.652255 0.678125 0.661535 0.659179 0.652356 0.652787 0.623333 0.661629 0.595131 0.678125 0.582626 0.694477 0.597815
0 0.573011 0.462500 0.566564 0.483048 0.555625 0.492470 0.542994 0.482272 0.538480 0.462500 0.543860 0.441931 0.555625 0.431699 0.568271 0.442701
0 0.762856 0.368333 0.751536 0.385800 0.732500 0.393834 0.710575 0.385632 0.701002 0.368333 0.713159 0.352205 0.732500 0.345237 0.751376 0.350979
0 0.775833 0.483333 0.768528 0.506502 0.749375 0.512689 0.728115 0.504013 0.720305 0.483333 0.728157 0.460980 0.749375 0.454873 0.770989 0.462325
0 0.647348 0.204167 0.636966 0.223494 0.615625 0.231727 0.596186 0.222809 0.584090 0.204167 0.596131 0.187667 0.615625 0.176484 0.635118 0.185994
0 0.508839 0.454167 0.503752 0.473609 0.490625 0.482396 0.476125 0.473810 0.472818 0.454167 0.478126 0.436640 0.490625 0.424623 0.504143 0.434909
0 0.703612 0.301667 0.694262 0.318386 0.679375 0.324948 0.662275 0.319383 0.655342 0.301667 0.661863 0.284196 0.679375 0.276224 0.696278 0.284334
0 0.636703 0.570833 0.629605 0.589413 0.617500 0.597773 0.606195 0.592158 0.599236 0.570833 0.604643 0.549905 0.617500 0.543512 0.629551 0.552659
0 0.664268 0.595000 0.658372 0.615401 0.645625 0.622195 0.631109 0.616071 0.625282 0.595000 0.631030 0.575007 0.645625 0.566186 0.659632 0.575243
0 0.480727 0.275833 0.474159 0.292338 0.462500 0.302854 0.450633 0.295379 0.446347 0.275833 0.449627 0.256903 0.462500 0.248358 0.475847 0.257919
0 0.567389 0.216667 0.559369 0.238945 0.546250 0.246334 0.532087 0.237530 0.527381 0.216667 0.531651 0.194149 0.546250 0.183682 0.560393 0.196340
0 0.452054 0.501667 0.445079 0.520319 0.431875 0.528784 0.418590 0.519194 0.413674 0.501667 0.417591 0.482568 0.431875 0.476499 0.445180 0.482576
0 0.493933 0.402500 0.490351 0.426313 0.476250 0.436723 0.461892 0.425908 0.457986 0.402500 0.462844 0.378737 0.476250 0.368481 0.489239 0.380667
0 0.604515 0.454167 0.596299 0.480982 0.581875 0.490749 0.566898 0.479380 0.559799 0.454167 0.568054 0.428273 0.581875 0.420273 0.596011 0.425844
0 0.488359 0.155833 0.480210 0.178444 0.459375 0.188475 0.436849 0.181708 0.430797 0.155833 0.436581 0.133142 0.459375 0.122950 0.479817 0.130094
0 0.488894 0.494167 0.481267 0.519364 0.465625 0.530866 0.451442 0.519502 0.444864 0.494167 0.449880 0.469204 0.465625 0.463264 0.481670 0.469728
0 0.726983 0.596667 0.722067 0.617958 0.708125 0.625460 0.694374 0.617767 0.689247 0.596667 0.694663 0.574114 0.708125 0.562108 0.721970 0.575187
0 0.535923 0.215833 0.528998 0.236904 0.512500 0.248214 0.494125 0.235729 0.487118 0.215833 0.494881 0.195170 0.512500 0.187658 0.529894 0.194091
0 0.582431 0.398333 0.577922 0.417068 0.566250 0.427423 0.553063 0.418438 0.547288 0.398333 0.554206 0.380295 0.566250 0.370338 0.579617 0.377091
0 0.752335 0.530000 0.748479 0.550026 0.731250 0.561726 0.714470 0.549732 0.708590 0.530000 0.714227 0.510427 0.731250 0.497295 0.748298 0.509579
0 0.673441 0.271667 0.669384 0.294951 0.653125 0.304061 0.636701 0.293536 0.632599 0.271667 0.638180 0.249676 0.653125 0.243133 0.667768 0.248682
0 0.802002 0.390833 0.794431 0.415833 0.775000 0.421163 0.755931 0.414778 0.746628 0.390833 0.755391 0.367126 0.775000 0.358578 0.794020 0.366594
0 0.618513 0.087500 0.607685 0.108898 0.591250 0.114605 0.575297 0.108971 0.568266 0.087500 0.573404 0.066605 0.591250 0.060116 0.610430 0.066016
0 0.361047 0.517500 0.357762 0.542527 0.343750 0.548407 0.329731 0.539008 0.325795 0.517500 0.330367 0.495460 0.343750 0.487697 0.356570 0.496485
0 0.547348 0.443333 0.542323 0.464282 0.527500 0.473792 0.513932 0.461488 0.507241 0.443333 0.512659 0.423866 0.527500 0.414429 0.542671 0.424794
0 0.321708 0.565000 0.318738 0.586010 0.301875 0.594311 0.287534 0.584959 0.281382 0.565000 0.287404 0.543629 0.301875 0.537311 0.316062 0.546353
0 0.578625 0.274167 0.571423 0.295617 0.556250 0.306157 0.539432 0.293189 0.533444 0.274167 0.538812 0.255074 0.556250 0.245863 0.572032 0.252711
0 0.619127 0.280000 0.613292 0.298221 0.598750 0.307981 0.585629 0.297694 0.578518 0.280000 0.583266 0.262165 0.598750 0.255674 0.611722 0.262310
0 0.652931 0.445000 0.647967 0.462420 0.630000 0.468119 0.614207 0.462284 0.604014 0.445000 0.612046 0.427092 0.630000 0.420775 0.646921 0.425627
0 0.603740 0.557500 0.595846 0.584558 0.579375 0.596776 0.562120 0.581840 0.557962 0.557500 0.564561 0.533595 0.579375 0.518985 0.595241 0.533262
0 0.389380 0.175000 0.383246 0.200237 0.364375 0.214311 0.346627 0.199868 0.341680 0.175000 0.348633 0.148472 0.364375 0.139776 0.381076 0.151204
0 0.301533 0.366667 0.294426 0.389198 0.279375 0.402198 0.264225 0.389869 0.259554 0.366667 0.262684 0.341161 0.279375 0.333616 0.295151 0.343320
0 0.604095 0.231667 0.597098 0.256107 0.583750 0.268272 0.568649 0.256332 0.564092 0.231667 0.569879 0.207557 0.583750 0.197714 0.597583 0.204469
0 0.681949 0.370833 0.674577 0.389863 0.660000 0.402696 0.643775 0.391342 0.637818 0.370833 0.645831 0.349241 0.660000 0.343080 0.675502 0.350003
0 0.391245 0.260833 0.380079 0.286564 0.361250 0.294006 0.339547 0.286375 0.331995 0.260833 0.342093 0.236302 0.361250 0.228217 0.381612 0.234252
0 0.550331 0.389167 0.545318 0.409531 0.530625 0.418705 0.514954 0.408739 0.508051 0.389167 0.516272 0.371660 0.530625 0.361032 0.545420 0.368528
0 0.437081 0.397500 0.431230 0.422467 0.419375 0.434579 0.408063 0.424214 0.403678 0.397500 0.406825 0.367902 0.419375 0.361102 0.431686 0.370058
0 0.453728 0.453333 0.448829 0.468470 0.433750 0.475886 0.418433 0.468572 0.412969 0.453333 0.420741 0.436253 0.433750 0.430155 0.448496 0.436644
0 0.424297 0.597500 0.417285 0.612991 0.399375 0.620510 0.384345 0.614129 0.377923 0.597500 0.384560 0.582871 0.399375 0.573246 0.414171 0.582405
0 0.625326 0.522500 0.619468 0.538036 0.602500 0.547916 0.585791 0.539146 0.580989 0.522500 0.585618 0.506939 0.602500 0.497843 0.619477 0.506610
0 0.634034 0.382500 0.629036 0.403748 0.616250 0.409418 0.604046 0.402603 0.598308 0.382500 0.605021 0.363475 0.616250 0.356580 0.629189 0.361236
0 0.567359 0.577500 0.560155 0.592698 0.542500 0.597783 0.523756 0.593613 0.515545 0.577500 0.523719 0.561331 0.542500 0.556874 0.558828 0.561646
0 0.563778 0.164167 0.556626 0.183051 0.540625 0.191711 0.523897 0.182295 0.517739 0.164167 0.525734 0.146405 0.540625 0.135546 0.557722 0.143318
0 0.680368 0.167500 0.674961 0.188377 0.653750 0.194742 0.631930 0.189538 0.626950 0.167500 0.632491 0.145138 0.653750 0.136533 0.674310 0.144855
0 0.329375 0.260000 0.319859 0.284059 0.304375 0.291633 0.287189 0.285874 0.280391 0.260000 0.287381 0.237618 0.304375 0.227978 0.320722 0.236041
0 0.747439 0.330833 0.735116 0.348390 0.716250 0.357093 0.695204 0.346282 0.686252 0.330833 0.697437 0.312695 0.716250 0.305521 0.737896 0.312970
0 0.758156 0.417500 0.751798 0.436524 0.731875 0.445483 0.714974 0.436693 0.705683 0.417500 0.714504 0.398391 0.731875 0.390785 0.751210 0.400605
0 0.787668 0.539167 0.780847 0.559612 0.766875 0.566952 0.751397 0.557032 0.747620 0.539167 0.753305 0.519444 0.766875 0.510766 0.782880 0.518072
0 0.385973 0.211667 0.378035 0.233373 0.359375 0.240491 0.341183 0.232589 0.336667 0.211667 0.343289 0.188314 0.359375 0.182433 0.377806 0.188618
0 0.518128 0.525833 0.513072 0.546601 0.498750 0.555657 0.485481 0.544474 0.479224 0.525833 0.484493 0.507197 0.498750 0.496762 0.511658 0.506515
0 0.465639 0.098333 0.455692 0.119752 0.438750 0.130221 0.419908 0.120477 0.414565 0.098333 0.421424 0.077125 0.438750 0.066105 0.457017 0.077804
0 0.692981 0.439167 0.685420 0.458784 0.670625 0.467220 0.655252 0.459928 0.649114 0.439167 0.655136 0.418094 0.670625 0.411796 0.686143 0.418902
0 0.684041 0.126667 0.674501 0.142860 0.650000 0.153736 0.625269 0.143564 0.619369 0.126667 0.627863 0.108029 0.650000 0.101693 0.673960 0.110736
0 0.335229 0.489167 0.330448 0.509724 0.313125 0.517754 0.295519 0.513119 0.288945 0.489167 0.295473 0.467010 0.313125 0.460851 0.329067 0.467590
0 0.524015 0.695833 0.517364 0.712933 0.499375 0.722356 0.481543 0.713943 0.473617 0.695833 0.482935 0.679569 0.499375 0.672466 0.515490 0.680025
0 0.662228 0.650000 0.658731 0.669004 0.641875 0.678936 0.627188 0.669224 0.621550 0.650000 0.625444 0.632864 0.641875 0.623469 0.657166 0.632951
0 0.500138 0.622500 0.493744 0.638905 0.478125 0.643633 0.460219 0.638519 0.457175 0.622500 0.463066 0.607379 0.478125 0.599898 0.495028 0.607055
0 0.668212 0.727500 0.659326 0.747405 0.645000 0.755540 0.629178 0.745350 0.620913 0.727500 0.630178 0.710352 0.645000 0.700614 0.660678 0.707543
0 0.462955 0.323333 0.456710 0.342726 0.445000 0.352631 0.432136 0.344396 0.426018 0.323333 0.433064 0.300921 0.445000 0.294992 0.457164 0.301830
0 0.527734 0.082500 0.522950 0.105410 0.503750 0.118389 0.486573 0.106558 0.475987 0.082500 0.486773 0.057066 0.503750 0.045158 0.520611 0.057904
0 0.560644 0.670000 0.554851 0.686470 0.537500 0.694178 0.519001 0.687937 0.513164 0.670000 0.519879 0.654324 0.537500 0.647281 0.556516 0.653557
0 0.450007 0.635833 0.444813 0.657465 0.432500 0.665890 0.420361 0.656794 0.415013 0.635833 0.419429 0.615247 0.432500 0.608461 0.446010 0.616088
0 0.497819 0.656667 0.490435 0.678406 0.473125 0.685144 0.454788 0.678042 0.447180 0.656667 0.455696 0.636061 0.473125 0.628843 0.492576 0.635891
0 0.496614 0.717500 0.488350 0.740051 0.471250 0.747600 0.451860 0.739661 0.446428 0.717500 0.453747 0.696306 0.471250 0.685538 0.491582 0.693333
0 0.408435 0.566667 0.399642 0.581954 0.383125 0.585927 0.363658 0.579784 0.357591 0.566667 0.365880 0.551693 0.383125 0.548111 0.402972 0.553046
0 0.574948 0.334167 0.568748 0.356348 0.559375 0.371108 0.549696 0.357316 0.546232 0.334167 0.549215 0.309640 0.559375 0.297685 0.569498 0.311487
0 0.519599 0.579167 0.514028 0.596091 0.500000 0.604648 0.483757 0.598147 0.476924 0.579167 0.485827 0.562249 0.500000 0.554670 0.514218 0.559485
0 0.607302 0.351667 0.602234 0.368795 0.589375 0.378956 0.574588 0.370641 0.569278 0.351667 0.575898 0.333090 0.589375 0.323110 0.604289 0.334644
0 0.522999 0.161667 0.518840 0.182999 0.504375 0.188341 0.490390 0.182000 0.482198 0.161667 0.490276 0.142583 0.504375 0.131298 0.518398 0.139848
0 0.533367 0.325833 0.526835 0.349497 0.512500 0.360037 0.497778 0.352171 0.492519 0.325833 0.499376 0.298759 0.512500 0.292622 0.527677 0.299956
0 0.403273 0.522500 0.396049 0.540731 0.380625 0.552067 0.367200 0.540101 0.359192 0.522500 0.365006 0.504043 0.380625 0.494945 0.395684 0.503664
0 0.307039 0.305833 0.298960 0.330807 0.283125 0.338875 0.266746 0.329233 0.262142 0.305833 0.266354 0.282136 0.283125 0.273536 0.299585 0.283257
0 0.741599 0.646667 0.735068 0.663296 0.721875 0.673314 0.708023 0.664788 0.702444 0.646667 0.706532 0.630292 0.721875 0.620381 0.735506 0.627312
0 0.665111 0.400000 0.659506 0.419728 0.644375 0.427107 0.628439 0.420135 0.620482 0.400000 0.628048 0.379235 0.644375 0.372251 0.659640 0.379468
0 0.515975 0.108333 0.503987 0.128517 0.486250 0.142432 0.466332 0.130298 0.459313 0.108333 0.467236 0.084096 0.486250 0.078775 0.505169 0.086084
0 0.461525 0.390000 0.455952 0.419306 0.444375 0.428003 0.433608 0.416901 0.427778 0.390000 0.433338 0.359165 0.444375 0.344848 0.455752 0.358266
0 0.739725 0.160833 0.728499 0.180621 0.710000 0.187673 0.689561 0.178365 0.683828 0.160833 0.691323 0.143517 0.710000 0.132741 0.730542 0.143170
0 0.699348 0.350000 0.694450 0.369086 0.678125 0.380687 0.662855 0.369524 0.656347 0.350000 0.661513 0.328721 0.678125 0.323946 0.694688 0.329376
0 0.336386 0.312500 0.329663 0.333390 0.313750 0.342283 0.297549 0.337113 0.289586 0.312500 0.298750 0.290517 0.313750 0.283165 0.330433 0.289318
0 0.383208 0.447500 0.378964 0.470797 0.365000 0.481586 0.351873 0.472212 0.344457 0.447500 0.351712 0.422428 0.365000 0.414105 0.379485 0.424072
0 0.641843 0.486667 0.633719 0.506881 0.615000 0.517308 0.597140 0.510273 0.585812 0.486667 0.596612 0.465206 0.615000 0.456469 0.635313 0.465693
0 0.346910 0.635833 0.341494 0.659891 0.326875 0.671854 0.311935 0.664051 0.302961 0.635833 0.310136 0.607502 0.326875 0.595981 0.341828 0.608800
0 0.759177 0.245833 0.752681 0.265823 0.736250 0.273959 0.721127 0.263976 0.711992 0.245833 0.720887 0.225839 0.736250 0.215822 0.751042 0.226852
0 0.567552 0.070000 0.557339 0.091319 0.537500 0.101203 0.517553 0.090032 0.508427 0.070000 0.518360 0.047503 0.537500 0.042538 0.555821 0.049243
0 0.419864 0.467500 0.415104 0.487377 0.398750 0.496772 0.382937 0.489031 0.375780 0.467500 0.383545 0.448113 0.398750 0.438649 0.414575 0.447242
0 0.616456 0.318333 0.611709 0.335714 0.595625 0.346162 0.580697 0.337221 0.571437 0.318333 0.578727 0.301354 0.595625 0.290019 0.611912 0.298296
0 0.373068 0.345833 0.368532 0.370695 0.351875 0.383352 0.336303 0.372044 0.328697 0.345833 0.336774 0.320966 0.351875 0.309672 0.368435 0.323554
0 0.606170 0.684167 0.599517 0.700451 0.584375 0.705465 0.568838 0.698717 0.559843 0.684167 0.567378 0.667452 0.584375 0.661465 0.601071 0.667112
0 0.459666 0.745000 0.452524 0.767222 0.436250 0.772598 0.420906 0.764625 0.415569 0.745000 0.419363 0.724824 0.436250 0.713207 0.452944 0.722946
0 0.449515 0.705000 0.438919 0.719202 0.422500 0.726831 0.404350 0.721161 0.398447 0.705000 0.404897 0.690574 0.422500 0.684952 0.438933 0.689424
0 0.645115 0.247500 0.637478 0.261847 0.621250 0.270077 0.603300 0.263833 0.597315 0.247500 0.603206 0.232501 0.621250 0.225243 0.639036 0.233059
0 0.643189 0.694167 0.639159 0.714356 0.620000 0.722408 0.601997 0.713706 0.594421 0.694167 0.602025 0.676605 0.620000 0.665480 0.637457 0.674098
1 0.719486 0.515833 0.708387 0.548576 0.676250 0.564355 0.645545 0.551482 0.626972 0.515833 0.641749 0.478807 0.676250 0.466386 0.712108 0.483753
0 0.654419 0.102500 0.649400 0.118736 0.630000 0.124535 0.611925 0.119919 0.604322 0.102500 0.612610 0.084977 0.630000 0.076967 0.647451 0.084415
0 0.426271 0.123333 0.418513 0.143875 0.401250 0.158091 0.382013 0.145982 0.377594 0.123333 0.383116 0.098926 0.401250 0.089164 0.420257 0.101188
0 0.799362 0.451667 0.793409 0.473170 0.773125 0.479940 0.752703 0.472060 0.743824 0.451667 0.754451 0.430334 0.773125 0.424463 0.793034 0.432945
0 0.740032 0.460000 0.731069 0.481736 0.713125 0.487181 0.694388 0.480022 0.688193 0.460000 0.694266 0.440496 0.713125 0.430765 0.730023 0.438160
0 0.359804 0.272500 0.353880 0.298200 0.338750 0.309728 0.322709 0.302834 0.318185 0.272500 0.324207 0.244513 0.338750 0.236070 0.354144 0.245196
0 0.381896 0.657500 0.379164 0.680607 0.363750 0.690078 0.350678 0.683328 0.342320 0.657500 0.349728 0.633965 0.363750 0.623989 0.376481 0.629963
0 0.438836 0.650833 0.429062 0.676296 0.411875 0.683433 0.394894 0.675945 0.385761 0.650833 0.393892 0.628111 0.411875 0.619768 0.431051 0.629008
0 0.618459 0.412500 0.612670 0.433929 0.599375 0.443109 0.585994 0.435761 0.582341 0.412500 0.585688 0.388396 0.599375 0.379941 0.611113 0.391265
0 0.764171 0.290833 0.754466 0.308978 0.734375 0.314134 0.713961 0.306961 0.705466 0.290833 0.712882 0.272492 0.734375 0.265215 0.756585 0.272851
0 0.548261 0.723333 0.543166 0.740327 0.523125 0.749413 0.503598 0.740300 0.497147 0.723333 0.503689 0.705707 0.523125 0.700253 0.542669 0.705244
0 0.506512 0.211667 0.498552 0.231675 0.481250 0.239104 0.463074 0.231627 0.456291 0.211667 0.462550 0.193602 0.481250 0.181397 0.499626 0.193309
0 0.696186 0.703333 0.688095 0.726537 0.672500 0.739532 0.654065 0.727040 0.649664 0.703333 0.654609 0.678481 0.672500 0.665515 0.687866 0.678094
0 0.613234 0.740833 0.606356 0.762251 0.590625 0.769532 0.574878 0.763834 0.565974 0.740833 0.575119 0.721193 0.590625 0.710889 0.607297 0.718556
0 0.327176 0.214167 0.324238 0.232861 0.310625 0.241764 0.297157 0.231224 0.292465 0.214167 0.296776 0.195803 0.310625 0.190745 0.323155 0.195187
0 0.522738 0.768333 0.514151 0.785620 0.495625 0.793151 0.476525 0.786418 0.468771 0.768333 0.479149 0.751943 0.495625 0.744605 0.514581 0.751865
0 0.553650 0.715000 0.547133 0.729082 0.529375 0.736525 0.513778 0.731584 0.505138 0.715000 0.511079 0.698212 0.529375 0.692906 0.545899 0.699126
0 0.807116 0.513333 0.801189 0.531930 0.789375 0.538045 0.775418 0.530411 0.771881 0.513333 0.776954 0.495342 0.789375 0.485295 0.802634 0.495043
0 0.530694 0.728333 0.526044 0.743434 0.514375 0.748292 0.500322 0.742067 0.496571 0.728333 0.501964 0.714262 0.514375 0.707254 0.526686 0.713433
0 0.552051 0.712500 0.548916 0.725923 0.535625 0.732770 0.521686 0.724803 0.517764 0.712500 0.522354 0.697980 0.535625 0.694774 0.548596 0.699719
0 0.785299 0.594167 0.778186 0.613742 0.767500 0.619333 0.755053 0.613947 0.751369 0.594167 0.756996 0.574387 0.767500 0.570167 0.778356 0.574996
0 0.687615 0.365000 0.683081 0.390839 0.664375 0.402811 0.646853 0.389143 0.639347 0.365000 0.648583 0.339755 0.664375 0.327655 0.683092 0.338327
0 0.284394 0.410833 0.277164 0.434298 0.265625 0.445955 0.252363 0.435951 0.248273 0.410833 0.253238 0.388876 0.265625 0.377706 0.277410 0.386224
0 0.785225 0.264167 0.780305 0.282408 0.769375 0.289059 0.757977 0.284000 0.751386 0.264167 0.757551 0.244252 0.769375 0.233946 0.781879 0.244848
0 0.340563 0.179167 0.335926 0.199881 0.326250 0.207191 0.314921 0.197168 0.310139 0.179167 0.316346 0.159667 0.326250 0.151378 0.337901 0.161031
