0 0.344805 0.350000 0.340027 0.369265 0.324375 0.379776 0.308852 0.368763 0.302905 0.350000 0.310807 0.329111 0.324375 0.322349 0.340327 0.329215
0 0.407491 0.651667 0.400663 0.671868 0.383125 0.677483 0.365543 0.669046 0.360804 0.651667 0.366499 0.632782 0.383125 0.626837 0.398992 0.634107
0 0.650724 0.455000 0.641251 0.475691 0.628125 0.481451 0.612176 0.473425 0.606520 0.455000 0.613108 0.433885 0.628125 0.426185 0.643579 0.434119
0 0.761708 0.459167 0.753282 0.481039 0.736875 0.490054 0.718451 0.477901 0.711300 0.459167 0.718782 0.438803 0.736875 0.428929 0.752454 0.437272
0 0.634002 0.690833 0.624183 0.713348 0.607500 0.721056 0.591523 0.712244 0.580404 0.690833 0.589673 0.668892 0.607500 0.658789 0.626564 0.669533
0 0.599064 0.392500 0.592977 0.410561 0.576875 0.418004 0.562115 0.409000 0.553131 0.392500 0.560833 0.376642 0.576875 0.370170 0.591790 0.375570
0 0.386226 0.283333 0.377958 0.302656 0.361875 0.307847 0.343423 0.299480 0.337112 0.283333 0.343001 0.266919 0.361875 0.256999 0.377913 0.265536
0 0.688441 0.313333 0.681935 0.337463 0.666875 0.348030 0.651692 0.337547 0.643659 0.313333 0.650214 0.293178 0.666875 0.279723 0.683123 0.291204
0 0.468656 0.293333 0.462206 0.313827 0.448750 0.323603 0.434739 0.312643 0.430382 0.293333 0.434249 0.271945 0.448750 0.264382 0.461183 0.271826
0 0.400523 0.355833 0.389864 0.374927 0.373125 0.382623 0.353484 0.375029 0.345103 0.355833 0.353528 0.337569 0.373125 0.328493 0.390270 0.336492
0 0.469489 0.546667 0.464132 0.568685 0.451250 0.576883 0.436905 0.565693 0.431469 0.546667 0.436761 0.526528 0.451250 0.515555 0.465157 0.525965
0 0.361534 0.240000 0.351837 0.262290 0.335625 0.268185 0.319484 0.260427 0.308835 0.240000 0.319131 0.219641 0.335625 0.212336 0.354307 0.220770
0 0.752503 0.489167 0.747390 0.514112 0.726250 0.523257 0.704900 0.513699 0.698424 0.489167 0.706475 0.468160 0.726250 0.454847 0.745906 0.464800
0 0.757309 0.211667 0.749605 0.233814 0.733750 0.243478 0.719258 0.232735 0.712791 0.211667 0.717600 0.190191 0.733750 0.183861 0.750624 0.191383
0 0.633657 0.343333 0.625271 0.365253 0.612500 0.372871 0.597974 0.361461 0.593959 0.343333 0.597818 0.321885 0.612500 0.316375 0.625738 0.322672
0 0.667014 0.102500 0.659669 0.126816 0.643125 0.134773 0.626373 0.127829 0.620660 0.102500 0.626896 0.078125 0.643125 0.068407 0.658955 0.078189
0 0.469384 0.175833 0.461990 0.195807 0.443750 0.209670 0.425671 0.198195 0.417620 0.175833 0.424251 0.155519 0.443750 0.146953 0.462617 0.152571
0 0.356219 0.586667 0.348237 0.605617 0.335625 0.613799 0.321377 0.607322 0.317034 0.586667 0.322957 0.566764 0.335625 0.561738 0.349906 0.569304
0 0.414654 0.180833 0.405923 0.202157 0.388750 0.208417 0.372032 0.200269 0.361364 0.180833 0.371291 0.160213 0.388750 0.152596 0.405897 0.160883
0 0.674446 0.206667 0.670909 0.230265 0.653750 0.238508 0.637747 0.226966 0.630579 0.206667 0.638034 0.185527 0.653750 0.172148 0.668224 0.182624
0 0.363492 0.196667 0.359674 0.219916 0.344375 0.228987 0.330495 0.220224 0.323271 0.196667 0.330585 0.171914 0.344375 0.159296 0.358058 0.170131
0 0.387776 0.506667 0.379094 0.527819 0.366250 0.537033 0.352676 0.527076 0.346683 0.506667 0.352867 0.487527 0.366250 0.477605 0.381460 0.488222
0 0.499445 0.101667 0.493343 0.125989 0.476875 0.140079 0.460724 0.126634 0.453618 0.101667 0.461715 0.075750 0.476875 0.067424 0.494631 0.075024
0 0.701532 0.424167 0.698341 0.447277 0.681250 0.459691 0.666675 0.449146 0.660692 0.424167 0.666266 0.400361 0.681250 0.389956 0.698287 0.402790
0 0.743906 0.275000 0.735781 0.295147 0.718750 0.304079 0.701652 0.295021 0.693860 0.275000 0.700759 0.257048 0.718750 0.248701 0.736795 0.256283
0 0.741461 0.592500 0.727904 0.613936 0.708125 0.624063 0.687545 0.615336 0.675628 0.592500 0.686305 0.567951 0.708125 0.556950 0.728765 0.569397
0 0.649111 0.505833 0.640233 0.524053 0.627500 0.532458 0.614612 0.525771 0.606750 0.505833 0.614683 0.489307 0.627500 0.477947 0.641129 0.486004
0 0.378706 0.330000 0.373130 0.349699 0.355000 0.354603 0.339745 0.349115 0.331015 0.330000 0.338837 0.310409 0.355000 0.304442 0.372010 0.309610
0 0.623277 0.414167 0.618837 0.436534 0.604375 0.444002 0.589641 0.436757 0.583690 0.414167 0.589426 0.392787 0.604375 0.382177 0.618078 0.394451
0 0.800690 0.455833 0.793214 0.481826 0.774375 0.491786 0.755340 0.478836 0.747954 0.455833 0.756375 0.431577 0.774375 0.420966 0.792916 0.433577
0 0.314581 0.323333 0.306739 0.346067 0.291250 0.353264 0.276276 0.343055 0.267176 0.323333 0.275372 0.301538 0.291250 0.295802 0.308518 0.302423
0 0.469735 0.365000 0.465687 0.382489 0.451875 0.392360 0.438961 0.382283 0.433892 0.365000 0.438045 0.346852 0.451875 0.340569 0.463940 0.347672
0 0.390759 0.234167 0.386500 0.255182 0.373750 0.263446 0.360076 0.255462 0.356624 0.234167 0.360604 0.213359 0.373750 0.199132 0.386637 0.209663
0 0.317380 0.405000 0.310140 0.425316 0.293750 0.433092 0.277382 0.424065 0.270674 0.405000 0.278156 0.386903 0.293750 0.379484 0.310411 0.387970
0 0.596413 0.584167 0.593320 0.597555 0.578750 0.602941 0.565513 0.597651 0.561271 0.584167 0.565287 0.568792 0.578750 0.562138 0.590959 0.569720
0 0.586139 0.440833 0.581841 0.456800 0.565625 0.466558 0.551123 0.456456 0.544571 0.440833 0.548712 0.423024 0.565625 0.417282 0.581706 0.424871
0 0.454669 0.320000 0.446374 0.337168 0.430625 0.347842 0.416214 0.338463 0.407720 0.320000 0.414678 0.300865 0.430625 0.292891 0.447302 0.300950
0 0.738137 0.407500 0.733538 0.429962 0.715625 0.435490 0.697998 0.428535 0.691237 0.407500 0.698009 0.387993 0.715625 0.377318 0.733256 0.388155
0 0.458792 0.601667 0.453489 0.623269 0.440000 0.630641 0.426096 0.623374 0.421270 0.601667 0.425624 0.581751 0.440000 0.570101 0.452734 0.580102
0 0.433259 0.228333 0.424636 0.245610 0.409375 0.257490 0.392557 0.246934 0.387396 0.228333 0.392977 0.208631 0.409375 0.199744 0.424634 0.209320
0 0.425829 0.130833 0.416200 0.151437 0.402500 0.161525 0.388172 0.152338 0.382570 0.130833 0.386040 0.108733 0.402500 0.099570 0.419009 0.111701
0 0.401012 0.556667 0.397168 0.576623 0.383125 0.583363 0.370895 0.575743 0.364425 0.556667 0.371583 0.536532 0.383125 0.531054 0.396463 0.538002
0 0.434474 0.569167 0.429981 0.589494 0.414375 0.601120 0.400808 0.589956 0.392119 0.569167 0.398377 0.547419 0.414375 0.535306 0.430012 0.547475
0 0.506267 0.349167 0.499635 0.368939 0.481250 0.375577 0.465072 0.367601 0.458100 0.349167 0.464287 0.332606 0.481250 0.322641 0.497519 0.332307
0 0.775597 0.397500 0.767804 0.416690 0.749375 0.429054 0.732314 0.416220 0.721444 0.397500 0.730689 0.378793 0.749375 0.369003 0.767526 0.377458
0 0.628461 0.219167 0.623872 0.242649 0.606875 0.254677 0.590065 0.240938 0.585676 0.219167 0.591503 0.196421 0.606875 0.183556 0.621515 0.197054
0 0.539516 0.285000 0.532114 0.301070 0.516875 0.308695 0.503554 0.301085 0.497300 0.285000 0.502846 0.268549 0.516875 0.259040 0.530576 0.268095
0 0.503148 0.669167 0.496344 0.691776 0.480625 0.700164 0.464290 0.692433 0.457381 0.669167 0.464688 0.648084 0.480625 0.636361 0.494911 0.645215
0 0.613016 0.150833 0.605241 0.175131 0.590000 0.184594 0.573227 0.174340 0.569473 0.150833 0.573403 0.124745 0.590000 0.113688 0.605904 0.125889
0 0.695576 0.262500 0.687937 0.281876 0.670625 0.292245 0.655776 0.283596 0.645247 0.262500 0.652779 0.240023 0.670625 0.235249 0.687614 0.240880
0 0.509240 0.532500 0.503180 0.551210 0.485625 0.560671 0.468398 0.552057 0.463305 0.532500 0.468714 0.512903 0.485625 0.503017 0.501237 0.510715
0 0.500053 0.300000 0.496628 0.319694 0.482500 0.326186 0.468272 0.320359 0.464614 0.300000 0.470226 0.280899 0.482500 0.273158 0.496139 0.279477
0 0.537449 0.519167 0.530913 0.538162 0.514375 0.547120 0.496478 0.536856 0.490191 0.519167 0.495743 0.502029 0.514375 0.494973 0.531310 0.500404
0 0.629229 0.301667 0.622409 0.318927 0.606250 0.325522 0.589775 0.319107 0.581211 0.301667 0.588590 0.286414 0.606250 0.280026 0.624695 0.284885
0 0.516675 0.248333 0.511880 0.270301 0.495000 0.279452 0.478485 0.270408 0.474532 0.248333 0.477783 0.227125 0.495000 0.213948 0.510884 0.227552
0 0.615739 0.520833 0.609541 0.538520 0.593750 0.548214 0.579726 0.538889 0.574599 0.520833 0.580154 0.501554 0.593750 0.495889 0.609551 0.503793
0 0.565123 0.280833 0.557651 0.303444 0.544375 0.310816 0.529240 0.303328 0.523345 0.280833 0.530987 0.262096 0.544375 0.251830 0.559693 0.260225
0 0.561977 0.420000 0.556115 0.441280 0.541250 0.446985 0.525719 0.441870 0.522500 0.420000 0.526403 0.401605 0.541250 0.394470 0.554391 0.400987
0 0.430601 0.625833 0.424363 0.643868 0.411875 0.652751 0.399364 0.642404 0.394881 0.625833 0.398165 0.608611 0.411875 0.599050 0.424029 0.606389
0 0.418327 0.389167 0.411560 0.406079 0.396875 0.411383 0.383262 0.405858 0.377100 0.389167 0.381967 0.371766 0.396875 0.363884 0.410917 0.373650
0 0.413972 0.316667 0.408784 0.330258 0.395625 0.336357 0.383804 0.328704 0.379053 0.316667 0.382849 0.302777 0.395625 0.296953 0.407792 0.302989
0 0.769087 0.330833 0.756142 0.358106 0.730625 0.364665 0.703087 0.359389 0.691458 0.330833 0.707712 0.302736 0.730625 0.292425 0.754436 0.303367
0 0.445809 0.715000 0.439708 0.733569 0.423750 0.742276 0.405943 0.734118 0.402348 0.715000 0.407931 0.696549 0.423750 0.684604 0.440847 0.694190
0 0.662990 0.690000 0.657994 0.709211 0.640000 0.716969 0.623999 0.708805 0.617845 0.690000 0.624574 0.670012 0.640000 0.664664 0.656134 0.670201
0 0.528258 0.405000 0.522915 0.433704 0.507500 0.451832 0.492825 0.434295 0.487632 0.405000 0.494153 0.375130 0.507500 0.358559 0.520973 0.372756
0 0.676401 0.651667 0.670608 0.668546 0.655000 0.674118 0.640504 0.667961 0.633791 0.651667 0.638518 0.636412 0.655000 0.626482 0.671565 0.636560
0 0.673136 0.574167 0.669443 0.592008 0.650000 0.599521 0.633565 0.592525 0.627039 0.574167 0.630924 0.557494 0.650000 0.550775 0.667393 0.556808
0 0.518937 0.142500 0.513658 0.160377 0.497500 0.169441 0.481715 0.162377 0.475920 0.142500 0.483103 0.123412 0.497500 0.118249 0.512796 0.122710
0 0.573227 0.739167 0.561430 0.761594 0.541875 0.770029 0.519824 0.760044 0.511412 0.739167 0.520891 0.719607 0.541875 0.712706 0.565098 0.718976
0 0.491670 0.721667 0.482314 0.740862 0.467500 0.746607 0.452874 0.740639 0.445489 0.721667 0.451072 0.704782 0.467500 0.696994 0.484504 0.705533
0 0.610713 0.471667 0.606246 0.491084 0.587500 0.500435 0.568426 0.490813 0.562042 0.471667 0.570040 0.454295 0.587500 0.445175 0.606249 0.453350
0 0.556149 0.113333 0.544841 0.139600 0.527500 0.150056 0.510269 0.136412 0.502591 0.113333 0.508620 0.089185 0.527500 0.077169 0.545859 0.090316
0 0.384736 0.605833 0.380894 0.622886 0.366250 0.628265 0.352385 0.623272 0.344793 0.605833 0.353007 0.587204 0.366250 0.582328 0.380260 0.588603
0 0.681625 0.353333 0.672196 0.377827 0.655625 0.387391 0.637691 0.378022 0.630815 0.353333 0.638625 0.328102 0.655625 0.318609 0.673071 0.331166
0 0.681438 0.539167 0.676804 0.560418 0.658750 0.566900 0.641572 0.558748 0.637189 0.539167 0.640920 0.518374 0.658750 0.511823 0.676223 0.518957
0 0.492419 0.401667 0.486326 0.420066 0.476250 0.429720 0.465446 0.420029 0.462554 0.401667 0.465753 0.383341 0.476250 0.373108 0.486575 0.384285
0 0.468708 0.105000 0.460977 0.130752 0.446875 0.146833 0.432336 0.130634 0.423326 0.105000 0.432761 0.074654 0.446875 0.062759 0.461044 0.077572
0 0.705873 0.166667 0.698241 0.194505 0.681875 0.208610 0.666345 0.192672 0.661788 0.166667 0.665944 0.139629 0.681875 0.125131 0.696319 0.141738
0 0.492188 0.583333 0.487550 0.599602 0.470000 0.608813 0.454563 0.600945 0.445373 0.583333 0.454646 0.567431 0.470000 0.560342 0.486269 0.568193
0 0.624746 0.555833 0.621395 0.574281 0.608125 0.579428 0.595371 0.572847 0.589740 0.555833 0.596297 0.539371 0.608125 0.529683 0.622146 0.539168
0 0.622653 0.087500 0.619188 0.111545 0.603750 0.120998 0.590122 0.112849 0.582539 0.087500 0.588478 0.062463 0.603750 0.054642 0.619190 0.062308
0 0.735930 0.536667 0.729717 0.559983 0.714375 0.567196 0.698921 0.556104 0.693150 0.536667 0.699539 0.513577 0.714375 0.508334 0.731013 0.516351
0 0.437315 0.363333 0.433524 0.385099 0.417500 0.391303 0.401496 0.385353 0.396477 0.363333 0.402853 0.343020 0.417500 0.334864 0.433453 0.343368
0 0.315620 0.577500 0.311046 0.596060 0.296250 0.602077 0.282130 0.594932 0.273119 0.577500 0.282276 0.559512 0.296250 0.552358 0.310750 0.560848
0 0.598712 0.338333 0.593680 0.357731 0.579375 0.369719 0.564508 0.360355 0.560610 0.338333 0.563776 0.315786 0.579375 0.308840 0.594721 0.315834
0 0.481161 0.242500 0.474293 0.264139 0.460000 0.273444 0.445973 0.265541 0.438826 0.242500 0.444661 0.220681 0.460000 0.212619 0.475534 0.218662
0 0.410678 0.439167 0.401330 0.464112 0.378750 0.475907 0.357646 0.466861 0.347185 0.439167 0.357543 0.411962 0.378750 0.402735 0.402063 0.413121
0 0.589883 0.634167 0.584000 0.661948 0.565000 0.670219 0.548173 0.657822 0.539317 0.634167 0.547847 0.609020 0.565000 0.600393 0.582948 0.606715
0 0.584254 0.545000 0.579106 0.562036 0.564375 0.570304 0.550500 0.563114 0.542170 0.545000 0.550941 0.524912 0.564375 0.519689 0.579649 0.526883
0 0.641382 0.604167 0.631186 0.622144 0.615625 0.629528 0.598693 0.624722 0.592542 0.604167 0.599772 0.583711 0.615625 0.574138 0.631149 0.583475
0 0.675913 0.440000 0.669189 0.459075 0.654375 0.467509 0.638010 0.457251 0.633045 0.440000 0.637620 0.421382 0.654375 0.415682 0.670953 0.419523
0 0.305482 0.357500 0.298474 0.372898 0.281875 0.381093 0.264737 0.372212 0.258020 0.357500 0.264487 0.340578 0.281875 0.334797 0.297576 0.342110
0 0.587419 0.189167 0.582133 0.214295 0.568750 0.224583 0.555079 0.215414 0.549309 0.189167 0.556248 0.164321 0.568750 0.152996 0.583119 0.164885
0 0.451884 0.212500 0.449128 0.234023 0.434375 0.242435 0.420390 0.235164 0.413237 0.212500 0.421860 0.192217 0.434375 0.182797 0.447207 0.191131
0 0.666814 0.395000 0.658692 0.413289 0.641250 0.420889 0.622859 0.411812 0.617541 0.395000 0.622824 0.378871 0.641250 0.368070 0.658810 0.378518
0 0.712261 0.225000 0.706271 0.244599 0.691875 0.252128 0.678585 0.242273 0.670174 0.225000 0.678667 0.206664 0.691875 0.198252 0.707547 0.206579
0 0.555453 0.495000 0.551178 0.513823 0.536250 0.525512 0.520734 0.513812 0.517255 0.495000 0.523376 0.473149 0.536250 0.467013 0.550701 0.473230
0 0.530600 0.185000 0.519568 0.207881 0.495000 0.220679 0.468569 0.209742 0.459807 0.185000 0.471308 0.159235 0.495000 0.149328 0.519368 0.161523
0 0.599269 0.699167 0.594462 0.721128 0.577500 0.727199 0.561495 0.719141 0.552319 0.699167 0.561768 0.680346 0.577500 0.670434 0.593213 0.678717
0 0.567459 0.340000 0.561600 0.361807 0.543125 0.369782 0.524935 0.361718 0.516855 0.340000 0.525604 0.317412 0.543125 0.311270 0.560209 0.319382
0 0.544392 0.647500 0.536927 0.662030 0.521250 0.672213 0.505102 0.662659 0.496545 0.647500 0.506431 0.630128 0.521250 0.624648 0.536781 0.632188
0 0.778873 0.560000 0.766664 0.584348 0.749375 0.591507 0.728650 0.583995 0.721310 0.560000 0.731539 0.538590 0.749375 0.526199 0.767099 0.535808
0 0.485970 0.627500 0.479984 0.641659 0.466250 0.649555 0.452574 0.643694 0.447028 0.627500 0.452738 0.613135 0.466250 0.605265 0.480812 0.612799
0 0.606479 0.266667 0.596853 0.284813 0.580000 0.291504 0.564086 0.285938 0.554100 0.266667 0.561194 0.246642 0.580000 0.238363 0.595992 0.246751
0 0.495745 0.482500 0.487586 0.497977 0.470625 0.505841 0.455100 0.499889 0.449385 0.482500 0.455030 0.466653 0.470625 0.457481 0.485946 0.467058
0 0.630633 0.646667 0.625538 0.664661 0.607500 0.673650 0.590968 0.665600 0.582226 0.646667 0.591448 0.628511 0.607500 0.621256 0.623843 0.629082
0 0.554538 0.605833 0.546728 0.623145 0.532500 0.628766 0.518694 0.624014 0.512400 0.605833 0.516732 0.588867 0.532500 0.583226 0.546126 0.587976
0 0.464598 0.683333 0.457221 0.701009 0.442500 0.707773 0.427055 0.700174 0.421507 0.683333 0.428103 0.667696 0.442500 0.659689 0.457571 0.666799
0 0.350232 0.411667 0.344068 0.439544 0.328750 0.450595 0.314261 0.437507 0.307763 0.411667 0.313433 0.385318 0.328750 0.378013 0.344639 0.387772
0 0.741348 0.167500 0.734510 0.191571 0.719375 0.204806 0.704968 0.194251 0.700133 0.167500 0.704635 0.143001 0.719375 0.127023 0.734579 0.140424
0 0.519860 0.622500 0.515667 0.639082 0.501875 0.648317 0.487369 0.638939 0.483524 0.622500 0.487215 0.606712 0.501875 0.599543 0.515123 0.605563
0 0.653930 0.152500 0.649619 0.171080 0.632500 0.183528 0.615466 0.171857 0.610227 0.152500 0.615672 0.133593 0.632500 0.121022 0.648864 0.131860
0 0.343022 0.295000 0.337982 0.313542 0.326250 0.322169 0.314813 0.314558 0.307177 0.295000 0.313059 0.274978 0.326250 0.268904 0.338069 0.276463
0 0.564785 0.693333 0.557411 0.712907 0.540625 0.720058 0.521696 0.712533 0.517137 0.693333 0.521547 0.673946 0.540625 0.665192 0.559567 0.673902
0 0.684134 0.619167 0.677641 0.636995 0.661250 0.645469 0.644534 0.635697 0.637812 0.619167 0.642065 0.601813 0.661250 0.596810 0.680674 0.603345
0 0.557238 0.230000 0.547779 0.245776 0.532500 0.254081 0.515689 0.245935 0.508669 0.230000 0.517746 0.214679 0.532500 0.206536 0.549700 0.213006
0 0.699246 0.507500 0.692563 0.529452 0.673125 0.536989 0.655140 0.528672 0.648224 0.507500 0.656675 0.486429 0.673125 0.480206 0.690677 0.486273
0 0.524912 0.758333 0.517218 0.777744 0.500625 0.784777 0.485085 0.777536 0.478529 0.758333 0.485602 0.740673 0.500625 0.733943 0.516039 0.737617
0 0.505046 0.449167 0.498603 0.464804 0.485000 0.468770 0.472420 0.463331 0.468017 0.449167 0.472855 0.433040 0.485000 0.429723 0.497428 0.433545
0 0.525534 0.325000 0.520262 0.339279 0.508125 0.346724 0.494344 0.340867 0.488658 0.325000 0.495781 0.310773 0.508125 0.301491 0.520208 0.309601
0 0.314006 0.277500 0.307903 0.295533 0.292500 0.303119 0.275770 0.294606 0.272204 0.277500 0.277977 0.259990 0.292500 0.252609 0.307197 0.261720
0 0.310326 0.541667 0.304810 0.557378 0.289375 0.563923 0.273353 0.556905 0.267659 0.541667 0.274927 0.525430 0.289375 0.521024 0.305571 0.525329
0 0.729118 0.347500 0.720494 0.369301 0.702500 0.381225 0.683598 0.368193 0.677048 0.347500 0.683818 0.322959 0.702500 0.316423 0.719436 0.325040
0 0.369986 0.545833 0.359971 0.575006 0.338125 0.583148 0.316450 0.572609 0.306638 0.545833 0.318380 0.519584 0.338125 0.502886 0.360233 0.515861
0 0.531207 0.473333 0.525221 0.492027 0.511250 0.498863 0.498109 0.492251 0.491768 0.473333 0.498030 0.453471 0.511250 0.446523 0.524482 0.454307
0 0.773644 0.622500 0.768112 0.642403 0.753125 0.653505 0.739112 0.641994 0.730662 0.622500 0.739505 0.600819 0.753125 0.596138 0.767291 0.602749
0 0.425232 0.276667 0.419943 0.295992 0.402500 0.307455 0.386013 0.297155 0.381342 0.276667 0.386802 0.254640 0.402500 0.248689 0.419689 0.255731
0 0.383904 0.134167 0.376215 0.154120 0.365000 0.161199 0.353193 0.154084 0.348806 0.134167 0.353794 0.113148 0.365000 0.107938 0.376839 0.114640
0 0.522378 0.687500 0.517291 0.705079 0.504375 0.711192 0.492308 0.704148 0.485111 0.687500 0.492513 0.668309 0.504375 0.661213 0.516529 0.670986
0 0.791671 0.525833 0.786173 0.549630 0.771875 0.554271 0.755836 0.548148 0.753240 0.525833 0.756761 0.502182 0.771875 0.494193 0.786669 0.504210
0 0.579084 0.116667 0.572674 0.143148 0.557500 0.152025 0.540075 0.143000 0.534346 0.116667 0.542245 0.092761 0.557500 0.078479 0.571918 0.092012
0 0.318740 0.496667 0.310734 0.513759 0.290000 0.521356 0.269708 0.515046 0.262022 0.496667 0.270237 0.478942 0.290000 0.467764 0.311042 0.479600
0 0.457973 0.658333 0.451605 0.676318 0.431875 0.683011 0.412441 0.676250 0.407284 0.658333 0.414462 0.640959 0.431875 0.632819 0.449902 0.638649
0 0.575030 0.489167 0.567784 0.507583 0.555000 0.518387 0.541485 0.508592 0.536462 0.489167 0.541175 0.470578 0.555000 0.460967 0.568754 0.469987
0 0.543620 0.564167 0.536040 0.580565 0.523125 0.584569 0.509401 0.578565 0.504573 0.564167 0.509515 0.548150 0.523125 0.543739 0.535551 0.548657
0 0.359779 0.640833 0.353804 0.659604 0.338125 0.665706 0.321443 0.659028 0.314887 0.640833 0.322897 0.621317 0.338125 0.617424 0.352676 0.622549
0 0.376333 0.394167 0.372314 0.409340 0.358125 0.415927 0.345041 0.408532 0.338058 0.394167 0.343788 0.377124 0.358125 0.371481 0.370554 0.377715
0 0.555324 0.368333 0.549393 0.385425 0.531250 0.392234 0.512790 0.385015 0.505972 0.368333 0.513121 0.349777 0.531250 0.342745 0.547805 0.349472
0 0.358989 0.536667 0.351312 0.556028 0.332500 0.568883 0.314595 0.558768 0.308736 0.536667 0.314214 0.513684 0.332500 0.503689 0.350751 0.515859
0 0.448456 0.495833 0.438543 0.527938 0.415000 0.541193 0.392073 0.526200 0.382298 0.495833 0.391610 0.465641 0.415000 0.453767 0.437810 0.465431
0 0.737783 0.166667 0.728177 0.192976 0.706250 0.201981 0.681332 0.194053 0.669256 0.166667 0.682317 0.137344 0.706250 0.126888 0.729281 0.137163
0 0.584196 0.068333 0.579970 0.091412 0.558125 0.104617 0.537941 0.092667 0.528169 0.068333 0.538553 0.042974 0.558125 0.036853 0.578119 0.044782
0 0.441187 0.433333 0.438031 0.456592 0.426250 0.465275 0.415238 0.453205 0.409456 0.433333 0.415853 0.410506 0.426250 0.403538 0.437905 0.410580
1 0.450717 0.495000 0.443570 0.522429 0.416875 0.539360 0.391030 0.525528 0.384243 0.495000 0.393842 0.465907 0.416875 0.450059 0.441980 0.463515
0 0.474620 0.445000 0.469557 0.465239 0.455000 0.472005 0.440853 0.464280 0.436286 0.445000 0.442580 0.425864 0.455000 0.419348 0.467900 0.426422
0 0.462513 0.401667 0.455400 0.413968 0.441250 0.418528 0.426460 0.413986 0.420564 0.401667 0.426354 0.390566 0.441250 0.385103 0.454296 0.389730
0 0.554677 0.178333 0.550011 0.197993 0.540625 0.208058 0.531291 0.198346 0.526852 0.178333 0.532243 0.157312 0.540625 0.147668 0.549506 0.158209
0 0.808195 0.355000 0.799395 0.376320 0.783125 0.383527 0.764228 0.374110 0.758439 0.355000 0.765987 0.336566 0.783125 0.326587 0.799223 0.334086
0 0.369948 0.470833 0.364431 0.493741 0.345000 0.508250 0.328044 0.494019 0.322300 0.470833 0.326831 0.447087 0.345000 0.432688 0.363792 0.445169
0 0.442280 0.659167 0.437674 0.677333 0.424375 0.683519 0.410947 0.679082 0.406485 0.659167 0.412057 0.642241 0.424375 0.633601 0.436271 0.639150
0 0.367692 0.554167 0.361278 0.575757 0.350000 0.586933 0.338218 0.575437 0.330982 0.554167 0.337412 0.531114 0.350000 0.519607 0.361506 0.529593
0 0.507029 0.184167 0.496980 0.210285 0.481250 0.218856 0.463101 0.208240 0.459707 0.184167 0.463662 0.162146 0.481250 0.149498 0.498637 0.162006
0 0.367188 0.480833 0.358496 0.501718 0.342500 0.516305 0.325587 0.502500 0.318191 0.480833 0.325668 0.457892 0.342500 0.451346 0.359433 0.457897
0 0.765618 0.332500 0.760494 0.356477 0.742500 0.369412 0.725893 0.359984 0.719555 0.332500 0.724824 0.306265 0.742500 0.293847 0.760800 0.305907
0 0.357533 0.485000 0.353322 0.501640 0.338750 0.510310 0.325222 0.502644 0.318905 0.485000 0.324778 0.467140 0.338750 0.460869 0.352015 0.467544
0 0.543408 0.063333 0.539027 0.080578 0.526250 0.087575 0.513446 0.081219 0.507429 0.063333 0.513953 0.047536 0.526250 0.040903 0.539664 0.045758
0 0.497131 0.520000 0.488069 0.533540 0.473750 0.539812 0.457695 0.534497 0.452043 0.520000 0.457509 0.507001 0.473750 0.500429 0.488785 0.505959
0 0.589470 0.614167 0.583677 0.626414 0.568750 0.632403 0.553482 0.627273 0.547115 0.614167 0.554262 0.600650 0.568750 0.595861 0.584097 0.599687
0 0.803835 0.413333 0.799752 0.434547 0.787500 0.445236 0.774305 0.433568 0.769348 0.413333 0.774737 0.391231 0.787500 0.386027 0.798949 0.390396
0 0.379303 0.409167 0.365244 0.436507 0.342500 0.446403 0.316950 0.435396 0.307398 0.409167 0.319876 0.384763 0.342500 0.369502 0.368583 0.381694
0 0.513790 0.575000 0.507145 0.589961 0.495000 0.595836 0.482917 0.589532 0.474610 0.575000 0.482631 0.559463 0.495000 0.555666 0.508425 0.560321
0 0.561070 0.569167 0.556738 0.583978 0.546875 0.590811 0.537040 0.584637 0.533209 0.569167 0.537787 0.553208 0.546875 0.547487 0.555388 0.554633
0 0.466480 0.432500 0.457072 0.460736 0.442500 0.471480 0.425138 0.456890 0.420500 0.432500 0.427511 0.405654 0.442500 0.394828 0.459145 0.405878
0 0.531711 0.185000 0.525159 0.204572 0.514375 0.215016 0.502466 0.204053 0.497561 0.185000 0.503313 0.165263 0.514375 0.158734 0.525383 0.165857
0 0.578491 0.493333 0.575037 0.511402 0.563125 0.522284 0.551985 0.512171 0.547446 0.493333 0.552436 0.473620 0.563125 0.464849 0.574767 0.473524
0 0.503498 0.580833 0.498273 0.596973 0.487500 0.605969 0.475932 0.596711 0.472769 0.580833 0.476233 0.564608 0.487500 0.555401 0.499035 0.563574
0 0.571962 0.554167 0.568584 0.577819 0.555000 0.588971 0.542958 0.578812 0.536349 0.554167 0.543226 0.532148 0.555000 0.521474 0.568323 0.528762
