0 0.665049 0.450000 0.658595 0.471526 0.642500 0.479825 0.626656 0.469611 0.621587 0.450000 0.628525 0.430109 0.642500 0.417665 0.657825 0.427218
0 0.369329 0.512500 0.364469 0.529686 0.350000 0.534764 0.335973 0.527490 0.330829 0.512500 0.336353 0.496918 0.350000 0.489419 0.365087 0.496217
0 0.636954 0.303333 0.632611 0.327955 0.612500 0.338040 0.592552 0.325440 0.586486 0.303333 0.594747 0.277856 0.612500 0.271129 0.629597 0.279577
0 0.478195 0.300833 0.469891 0.319464 0.456250 0.326905 0.441748 0.319208 0.436509 0.300833 0.440214 0.281484 0.456250 0.277280 0.472407 0.282236
0 0.520530 0.185000 0.513030 0.208160 0.498750 0.213610 0.485085 0.204777 0.479271 0.185000 0.484217 0.163166 0.498750 0.156141 0.512472 0.163740
0 0.452817 0.120000 0.446526 0.145464 0.428750 0.152154 0.411894 0.147034 0.401811 0.120000 0.412263 0.097365 0.428750 0.085774 0.446829 0.096365
0 0.628988 0.230000 0.621674 0.255152 0.604375 0.261465 0.589515 0.252535 0.583111 0.230000 0.587882 0.204595 0.604375 0.193550 0.622229 0.204956
0 0.679319 0.304167 0.674587 0.322014 0.660000 0.330249 0.646210 0.321746 0.638784 0.304167 0.645683 0.284193 0.660000 0.278581 0.675972 0.282785
0 0.542561 0.322500 0.539001 0.341694 0.523750 0.351931 0.510036 0.344731 0.505118 0.322500 0.509363 0.301400 0.523750 0.294796 0.537077 0.301956
0 0.455842 0.561667 0.447869 0.584582 0.433750 0.595458 0.417534 0.582764 0.413117 0.561667 0.418932 0.538333 0.433750 0.532392 0.449019 0.539988
0 0.527832 0.279167 0.522896 0.299635 0.506875 0.308245 0.489590 0.296901 0.484589 0.279167 0.491200 0.260010 0.506875 0.254112 0.524762 0.260820
0 0.426958 0.348333 0.418226 0.368055 0.401875 0.380471 0.386912 0.368050 0.376443 0.348333 0.383925 0.328844 0.401875 0.316652 0.416632 0.328624
0 0.587988 0.131667 0.579592 0.152347 0.563125 0.159520 0.543459 0.151102 0.537151 0.131667 0.543310 0.112540 0.563125 0.105578 0.582908 0.112445
0 0.598692 0.277500 0.594454 0.298495 0.575625 0.307382 0.557858 0.295970 0.553203 0.277500 0.559740 0.259003 0.575625 0.251700 0.592229 0.258315
0 0.695456 0.398333 0.690541 0.418620 0.676250 0.424557 0.661955 0.418658 0.654364 0.398333 0.661152 0.378654 0.676250 0.369122 0.691780 0.378687
0 0.413023 0.547500 0.407532 0.572282 0.393125 0.580226 0.379500 0.569005 0.374328 0.547500 0.379195 0.525598 0.393125 0.515842 0.408182 0.523822
0 0.663168 0.244167 0.655689 0.270338 0.643750 0.282283 0.631655 0.268310 0.623574 0.244167 0.630160 0.218258 0.643750 0.211002 0.657673 0.218892
0 0.470471 0.355000 0.461633 0.379826 0.441875 0.389980 0.422499 0.378889 0.413450 0.355000 0.423064 0.333786 0.441875 0.318680 0.459679 0.331820
0 0.414364 0.455000 0.404464 0.475670 0.390000 0.479350 0.374665 0.474123 0.367990 0.455000 0.374238 0.436861 0.390000 0.426646 0.405860 0.437495
0 0.614263 0.600000 0.607700 0.618042 0.594375 0.626647 0.581504 0.618761 0.574794 0.600000 0.581781 0.580239 0.594375 0.573878 0.607521 0.579807
0 0.346048 0.475000 0.337330 0.495399 0.322500 0.504996 0.307878 0.494381 0.299337 0.475000 0.306377 0.452359 0.322500 0.443259 0.338142 0.452813
0 0.797452 0.441667 0.786961 0.464424 0.770625 0.469004 0.751884 0.461798 0.742612 0.441667 0.753722 0.422536 0.770625 0.414382 0.788606 0.419668
0 0.650188 0.410000 0.646223 0.431837 0.625625 0.440352 0.607047 0.430639 0.597304 0.410000 0.608491 0.387718 0.625625 0.377586 0.644651 0.387691
0 0.694663 0.150000 0.687825 0.170336 0.669375 0.180097 0.649791 0.172756 0.645031 0.150000 0.650249 0.126756 0.669375 0.120531 0.687967 0.129196
0 0.730938 0.648333 0.724664 0.673996 0.710000 0.684500 0.693990 0.671916 0.686229 0.648333 0.694427 0.623337 0.710000 0.613794 0.726173 0.620026
0 0.699218 0.260833 0.693104 0.282671 0.678750 0.291665 0.665164 0.285401 0.656807 0.260833 0.663929 0.239616 0.678750 0.225127 0.692325 0.236500
0 0.487516 0.257500 0.479083 0.277246 0.463125 0.282558 0.445664 0.274770 0.440586 0.257500 0.448015 0.237872 0.463125 0.232011 0.477865 0.240441
0 0.670830 0.357500 0.664828 0.376581 0.649375 0.386787 0.634652 0.376263 0.626320 0.357500 0.633057 0.339687 0.649375 0.329416 0.664265 0.338912
0 0.517643 0.523333 0.514092 0.540691 0.503125 0.547405 0.491119 0.543800 0.486718 0.523333 0.492224 0.503309 0.503125 0.495891 0.513965 0.505085
0 0.427873 0.584167 0.420203 0.604395 0.408125 0.611141 0.395420 0.602587 0.389389 0.584167 0.396011 0.563362 0.408125 0.557518 0.419701 0.565240
0 0.426714 0.680833 0.420134 0.702072 0.404375 0.707808 0.389926 0.700221 0.382395 0.680833 0.389138 0.659568 0.404375 0.654485 0.418694 0.661565
0 0.378446 0.306667 0.369696 0.324338 0.353750 0.334744 0.337134 0.326637 0.330418 0.306667 0.337675 0.287061 0.353750 0.279287 0.370664 0.289516
0 0.610314 0.544167 0.605289 0.568598 0.590625 0.578689 0.573872 0.565881 0.569858 0.544167 0.575971 0.522666 0.590625 0.512852 0.604837 0.519095
0 0.474266 0.530000 0.468073 0.552731 0.455625 0.561129 0.443441 0.553207 0.438152 0.530000 0.443433 0.505520 0.455625 0.496363 0.469504 0.509239
0 0.653942 0.608333 0.648492 0.628374 0.633125 0.640833 0.616699 0.628156 0.612910 0.608333 0.617276 0.588509 0.633125 0.579925 0.648765 0.588051
0 0.694549 0.537500 0.690517 0.556304 0.675000 0.568352 0.661843 0.557672 0.655874 0.537500 0.661449 0.515687 0.675000 0.506466 0.687962 0.517451
0 0.537726 0.656667 0.530723 0.681573 0.515000 0.694318 0.499030 0.679987 0.492374 0.656667 0.501288 0.631063 0.515000 0.621459 0.530330 0.632528
0 0.611235 0.337500 0.602218 0.358004 0.585625 0.366680 0.568076 0.357116 0.561803 0.337500 0.570021 0.319814 0.585625 0.308020 0.604489 0.319088
0 0.493555 0.587500 0.488413 0.605494 0.473125 0.615271 0.457179 0.607082 0.453006 0.587500 0.459251 0.566127 0.473125 0.558253 0.487151 0.569228
0 0.510698 0.228333 0.503368 0.247590 0.488125 0.255645 0.473042 0.251497 0.469154 0.228333 0.473940 0.208083 0.488125 0.196077 0.502360 0.206181
0 0.387395 0.361667 0.380273 0.385291 0.366875 0.393772 0.354032 0.385554 0.348689 0.361667 0.353833 0.340011 0.366875 0.326871 0.381051 0.340220
0 0.616319 0.170000 0.606625 0.188396 0.585000 0.196307 0.566328 0.186400 0.557061 0.170000 0.565019 0.150763 0.585000 0.144657 0.605968 0.151238
0 0.510134 0.725833 0.502669 0.744888 0.487500 0.755741 0.472173 0.744991 0.466037 0.725833 0.471037 0.704812 0.487500 0.696032 0.502876 0.704738
0 0.459011 0.677500 0.452776 0.696918 0.441250 0.709110 0.429598 0.697257 0.423392 0.677500 0.429057 0.656159 0.441250 0.647573 0.453204 0.657175
0 0.607149 0.095000 0.598356 0.116204 0.578125 0.122584 0.557351 0.116578 0.550851 0.095000 0.556950 0.075082 0.578125 0.064943 0.596583 0.076329
0 0.598512 0.384167 0.593312 0.402102 0.580000 0.406692 0.565533 0.399763 0.560344 0.384167 0.567028 0.368151 0.580000 0.360081 0.594418 0.365977
0 0.412930 0.635833 0.404544 0.654390 0.386875 0.659104 0.369556 0.652965 0.364399 0.635833 0.370953 0.615962 0.386875 0.608992 0.402790 0.619261
0 0.553737 0.718333 0.546669 0.741284 0.531875 0.747513 0.516624 0.740201 0.512075 0.718333 0.517383 0.695975 0.531875 0.690240 0.546998 0.697290
0 0.789322 0.361667 0.781531 0.382774 0.765000 0.389118 0.749109 0.382145 0.740621 0.361667 0.748053 0.340575 0.765000 0.329777 0.779365 0.339424
0 0.508063 0.329167 0.503289 0.350905 0.487500 0.357037 0.471195 0.348522 0.466835 0.329167 0.471913 0.310535 0.487500 0.299426 0.503724 0.309737
0 0.623000 0.655833 0.616514 0.676226 0.600000 0.687704 0.583690 0.675611 0.575788 0.655833 0.585445 0.634034 0.600000 0.625517 0.617070 0.635516
0 0.523754 0.432500 0.517020 0.446970 0.505000 0.451755 0.490423 0.445911 0.485938 0.432500 0.491687 0.418996 0.505000 0.411629 0.517170 0.417614
0 0.741497 0.454167 0.733959 0.473246 0.716875 0.478209 0.700288 0.471622 0.693047 0.454167 0.700632 0.435654 0.716875 0.430244 0.732500 0.436246
0 0.649013 0.552500 0.643076 0.571119 0.627500 0.580341 0.613090 0.573378 0.607302 0.552500 0.612322 0.534778 0.627500 0.524952 0.643328 0.534963
0 0.746354 0.264167 0.738348 0.284007 0.717500 0.289249 0.695563 0.283626 0.689636 0.264167 0.696783 0.244923 0.717500 0.239083 0.739528 0.245025
0 0.476335 0.209167 0.468766 0.231987 0.451250 0.243223 0.435036 0.230106 0.428373 0.209167 0.434959 0.185533 0.451250 0.179774 0.466524 0.186557
0 0.523189 0.578333 0.517869 0.598671 0.503750 0.606889 0.487495 0.599495 0.480988 0.578333 0.489719 0.557556 0.503750 0.549691 0.518516 0.559091
0 0.699053 0.447500 0.691675 0.462980 0.678125 0.471350 0.664494 0.465282 0.656263 0.447500 0.663704 0.429326 0.678125 0.424115 0.693146 0.432032
0 0.544268 0.486667 0.540246 0.504652 0.528125 0.511674 0.518047 0.502644 0.512290 0.486667 0.516355 0.468322 0.528125 0.460781 0.539114 0.468938
0 0.703728 0.349167 0.697182 0.366980 0.685625 0.373056 0.672861 0.368475 0.668453 0.349167 0.673756 0.332042 0.685625 0.321467 0.699149 0.331882
0 0.664034 0.191667 0.657793 0.208064 0.640625 0.212200 0.622403 0.206839 0.617006 0.191667 0.625060 0.177572 0.640625 0.170160 0.657823 0.175490
0 0.354797 0.349167 0.349815 0.374935 0.336875 0.386071 0.325432 0.371621 0.320335 0.349167 0.324372 0.326839 0.336875 0.317287 0.349442 0.326453
0 0.512010 0.680000 0.501015 0.696457 0.483750 0.703136 0.463752 0.695384 0.455363 0.680000 0.464383 0.664442 0.483750 0.659906 0.501647 0.666187
0 0.499858 0.636667 0.492600 0.652248 0.476875 0.659281 0.461941 0.654267 0.453923 0.636667 0.460778 0.620470 0.476875 0.612734 0.492790 0.619798
0 0.735539 0.405833 0.728927 0.423770 0.715000 0.430433 0.698836 0.423511 0.693200 0.405833 0.699733 0.385835 0.715000 0.378765 0.729719 0.388654
0 0.436189 0.309167 0.428642 0.325036 0.410625 0.333326 0.392043 0.325946 0.387940 0.309167 0.394587 0.292672 0.410625 0.284099 0.428787 0.291264
0 0.644977 0.119167 0.638029 0.141601 0.621875 0.147028 0.604894 0.138380 0.598525 0.119167 0.606013 0.098297 0.621875 0.087348 0.637643 0.098510
0 0.579448 0.671667 0.571520 0.691105 0.555625 0.697836 0.539022 0.691850 0.530924 0.671667 0.540367 0.654299 0.555625 0.644082 0.573005 0.651843
0 0.407427 0.156667 0.398493 0.184778 0.384375 0.196576 0.368689 0.183485 0.362263 0.156667 0.368551 0.130782 0.384375 0.119360 0.400264 0.130005
0 0.638981 0.491667 0.633284 0.512819 0.620625 0.520970 0.609629 0.510689 0.604711 0.491667 0.608966 0.472541 0.620625 0.462195 0.632023 0.471048
0 0.367706 0.404167 0.360278 0.420935 0.343750 0.424940 0.328977 0.418799 0.321132 0.404167 0.328042 0.387587 0.343750 0.380589 0.361103 0.387014
0 0.660105 0.670000 0.653703 0.691438 0.639375 0.700326 0.626220 0.692800 0.617739 0.670000 0.626178 0.645756 0.639375 0.637009 0.653764 0.647611
0 0.495707 0.516667 0.491553 0.536180 0.477500 0.544908 0.464032 0.536329 0.458717 0.516667 0.465004 0.499061 0.477500 0.488629 0.490922 0.498640
0 0.668586 0.506667 0.664255 0.524464 0.649375 0.533024 0.634063 0.524881 0.630513 0.506667 0.635217 0.486024 0.649375 0.478429 0.662566 0.488333
0 0.518742 0.385833 0.513159 0.404234 0.498125 0.413258 0.484581 0.404376 0.478200 0.385833 0.484951 0.366602 0.498125 0.356137 0.512605 0.364476
0 0.768008 0.300000 0.759230 0.315760 0.737500 0.322027 0.715279 0.313805 0.708491 0.300000 0.715369 0.283230 0.737500 0.276777 0.757685 0.284626
0 0.428215 0.490833 0.421109 0.509635 0.406250 0.517337 0.391778 0.509030 0.385626 0.490833 0.390365 0.470799 0.406250 0.466168 0.422553 0.471923
0 0.520948 0.475833 0.515069 0.493309 0.503125 0.500276 0.491269 0.492703 0.486330 0.475833 0.490752 0.459055 0.503125 0.454728 0.516232 0.459741
0 0.632063 0.373333 0.627731 0.393024 0.615000 0.403771 0.601499 0.393654 0.598125 0.373333 0.602947 0.352847 0.615000 0.343758 0.628106 0.353342
0 0.381303 0.570833 0.373662 0.596041 0.358125 0.611061 0.341061 0.599995 0.333258 0.570833 0.339801 0.542621 0.358125 0.531969 0.375926 0.545305
0 0.711220 0.491667 0.704624 0.509483 0.688125 0.516704 0.671291 0.507403 0.665029 0.491667 0.673023 0.476224 0.688125 0.469276 0.704071 0.474792
0 0.561970 0.225833 0.551175 0.250813 0.533750 0.258474 0.513868 0.247714 0.506422 0.225833 0.514153 0.202489 0.533750 0.189318 0.553638 0.201126
0 0.728574 0.179167 0.722228 0.202126 0.704375 0.209081 0.688040 0.201370 0.680692 0.179167 0.686562 0.154883 0.704375 0.148092 0.722165 0.154747
0 0.740395 0.593333 0.736848 0.611691 0.721250 0.622363 0.705266 0.613690 0.699699 0.593333 0.705697 0.576310 0.721250 0.569059 0.736312 0.575103
0 0.701299 0.593333 0.697825 0.611590 0.681875 0.619989 0.667162 0.611788 0.663277 0.593333 0.666888 0.571864 0.681875 0.565711 0.697253 0.573205
0 0.525821 0.073333 0.518443 0.095090 0.501250 0.101774 0.485245 0.094769 0.477289 0.073333 0.483306 0.050164 0.501250 0.042302 0.517332 0.053698
0 0.509219 0.100833 0.500669 0.129412 0.482500 0.141611 0.463771 0.128969 0.454381 0.100833 0.465300 0.071719 0.482500 0.057156 0.501376 0.072233
0 0.589946 0.632500 0.584184 0.648820 0.570625 0.655551 0.557274 0.649121 0.549392 0.632500 0.555968 0.614766 0.570625 0.609832 0.584950 0.615123
0 0.749502 0.507500 0.745491 0.527947 0.727500 0.535914 0.709816 0.528195 0.703412 0.507500 0.710485 0.486461 0.727500 0.480802 0.743795 0.486385
0 0.597191 0.715000 0.590902 0.730094 0.574375 0.737874 0.559058 0.731513 0.553200 0.715000 0.557751 0.696867 0.574375 0.692734 0.588769 0.699142
0 0.451030 0.186667 0.444552 0.206540 0.428125 0.214335 0.413171 0.209563 0.404262 0.186667 0.410436 0.164537 0.428125 0.156279 0.442874 0.163589
0 0.727979 0.540833 0.722859 0.559129 0.707500 0.566920 0.692844 0.557128 0.689219 0.540833 0.692074 0.525059 0.707500 0.518661 0.722500 0.524093
0 0.633688 0.714167 0.627391 0.733910 0.610625 0.741353 0.594844 0.733032 0.586730 0.714167 0.593345 0.697118 0.610625 0.690239 0.628742 0.694635
0 0.325075 0.535833 0.317380 0.553905 0.300625 0.565239 0.283050 0.557147 0.276253 0.535833 0.285878 0.517321 0.300625 0.509073 0.317223 0.518128
0 0.498756 0.401667 0.490854 0.421619 0.477500 0.428518 0.464680 0.422118 0.458527 0.401667 0.464155 0.383236 0.477500 0.374613 0.491354 0.384648
0 0.379809 0.160833 0.373456 0.184059 0.358750 0.189254 0.342474 0.180738 0.336348 0.160833 0.344031 0.137683 0.358750 0.127682 0.373687 0.136905
0 0.339690 0.559167 0.333307 0.580231 0.319375 0.592703 0.304656 0.579044 0.298100 0.559167 0.302785 0.535239 0.319375 0.529433 0.334227 0.537365
0 0.431491 0.136667 0.424534 0.163637 0.407500 0.176024 0.389565 0.164852 0.385567 0.136667 0.390112 0.107575 0.407500 0.100242 0.423488 0.110845
0 0.366591 0.190000 0.358666 0.216540 0.340000 0.225311 0.321751 0.214785 0.313037 0.190000 0.320647 0.160758 0.340000 0.150959 0.357928 0.161555
0 0.770182 0.242500 0.761686 0.263914 0.741875 0.269611 0.721461 0.262333 0.709654 0.242500 0.719248 0.219855 0.741875 0.210677 0.763957 0.220386
0 0.401057 0.253333 0.394574 0.268225 0.376875 0.273368 0.358801 0.267507 0.353331 0.253333 0.360648 0.240526 0.376875 0.231527 0.393781 0.239018
0 0.486997 0.150833 0.481714 0.172123 0.469375 0.180187 0.456409 0.171431 0.448857 0.150833 0.456668 0.127861 0.469375 0.118290 0.482397 0.129249
0 0.413583 0.403333 0.406338 0.430550 0.390000 0.436706 0.372387 0.428724 0.366960 0.403333 0.372915 0.379077 0.390000 0.369820 0.409241 0.379418
0 0.708613 0.212500 0.701885 0.232399 0.687500 0.236902 0.671290 0.231916 0.663294 0.212500 0.673125 0.193739 0.687500 0.185827 0.703515 0.194470
0 0.330773 0.350833 0.322710 0.369900 0.306875 0.379547 0.291536 0.372340 0.286819 0.350833 0.292846 0.330726 0.306875 0.319139 0.322665 0.330230
0 0.571533 0.395833 0.562950 0.425510 0.543750 0.437020 0.525282 0.422008 0.519397 0.395833 0.524717 0.364163 0.543750 0.352771 0.560635 0.368586
0 0.691716 0.636667 0.684742 0.652844 0.670000 0.661334 0.655344 0.654035 0.650710 0.636667 0.653553 0.619143 0.670000 0.612573 0.685326 0.620158
0 0.438316 0.513333 0.435839 0.530991 0.423125 0.537922 0.410817 0.529511 0.405278 0.513333 0.411330 0.495806 0.423125 0.488559 0.435800 0.496160
0 0.565862 0.586667 0.559724 0.606680 0.545625 0.614677 0.530695 0.606984 0.523751 0.586667 0.529175 0.566684 0.545625 0.562380 0.561520 0.566831
0 0.762859 0.560000 0.757476 0.578594 0.740625 0.587140 0.724470 0.576997 0.719111 0.560000 0.724495 0.541409 0.740625 0.537065 0.756262 0.543484
0 0.689722 0.715833 0.683634 0.735103 0.668125 0.744648 0.652054 0.734102 0.645587 0.715833 0.652722 0.696153 0.668125 0.690132 0.683884 0.696954
0 0.316278 0.466667 0.304607 0.497168 0.285625 0.513837 0.265233 0.496803 0.256758 0.466667 0.266592 0.439009 0.285625 0.422570 0.307385 0.433579
0 0.357759 0.240833 0.349563 0.262146 0.330000 0.272326 0.310497 0.263224 0.303640 0.240833 0.309334 0.218585 0.330000 0.207824 0.350382 0.217200
0 0.402489 0.288333 0.395743 0.304506 0.376875 0.309014 0.356754 0.303743 0.350512 0.288333 0.359697 0.274452 0.376875 0.266189 0.396516 0.273426
0 0.768211 0.379167 0.757137 0.403525 0.731875 0.411608 0.706357 0.399981 0.697089 0.379167 0.706500 0.356293 0.731875 0.344440 0.753736 0.356029
0 0.763835 0.336667 0.752121 0.350645 0.730625 0.358907 0.709208 0.352704 0.699551 0.336667 0.707569 0.322023 0.730625 0.316920 0.752234 0.320319
0 0.333197 0.268333 0.327094 0.288939 0.306250 0.297472 0.288069 0.290114 0.276475 0.268333 0.287564 0.249051 0.306250 0.237269 0.324495 0.248893
0 0.299577 0.314167 0.292295 0.332929 0.275625 0.339378 0.258721 0.331203 0.254908 0.314167 0.261173 0.296161 0.275625 0.291881 0.291569 0.297865
0 0.604413 0.756667 0.596670 0.774411 0.578125 0.781579 0.559064 0.772868 0.553695 0.756667 0.557646 0.739516 0.578125 0.732013 0.597755 0.739807
0 0.326231 0.295000 0.313283 0.314003 0.294375 0.325940 0.274985 0.313312 0.267665 0.295000 0.273697 0.274782 0.294375 0.269223 0.314758 0.273508
0 0.782173 0.596667 0.778270 0.614734 0.761875 0.625228 0.744993 0.615451 0.738110 0.596667 0.745731 0.576356 0.761875 0.570580 0.776671 0.576315
0 0.590614 0.220000 0.584743 0.239937 0.574375 0.245833 0.563309 0.238878 0.558071 0.220000 0.562851 0.201658 0.574375 0.191178 0.584456 0.200955
0 0.791894 0.516667 0.787135 0.535053 0.771875 0.543029 0.757907 0.536661 0.749258 0.516667 0.756513 0.495639 0.771875 0.489131 0.785854 0.494891
0 0.595305 0.060000 0.586001 0.073854 0.568125 0.082053 0.547243 0.076493 0.542522 0.060000 0.547554 0.045226 0.568125 0.037581 0.588226 0.044925
0 0.495490 0.471667 0.488289 0.492270 0.470625 0.500516 0.452980 0.490571 0.445276 0.471667 0.455508 0.453361 0.470625 0.442452 0.488285 0.451680
0 0.382796 0.480833 0.374332 0.499594 0.355625 0.507960 0.334372 0.498501 0.324011 0.480833 0.333884 0.461197 0.355625 0.456510 0.378195 0.462151
0 0.372739 0.445000 0.365118 0.461012 0.345000 0.468391 0.327424 0.461036 0.316738 0.445000 0.327580 0.430015 0.345000 0.422610 0.364501 0.428757
0 0.771989 0.479167 0.764272 0.492705 0.748750 0.498822 0.731496 0.494445 0.725229 0.479167 0.732717 0.463484 0.748750 0.456285 0.766537 0.465633
0 0.564245 0.173333 0.556282 0.191102 0.540625 0.202385 0.523855 0.190853 0.518778 0.173333 0.525610 0.153357 0.540625 0.147133 0.556484 0.156362
0 0.316759 0.375000 0.310670 0.397487 0.293750 0.410615 0.276650 0.398435 0.268801 0.375000 0.276360 0.352826 0.293750 0.343044 0.310954 0.350097
0 0.371240 0.454167 0.366967 0.476476 0.346875 0.489424 0.328262 0.478212 0.319749 0.454167 0.327994 0.432252 0.346875 0.421543 0.366047 0.429177
0 0.405458 0.213333 0.396536 0.231329 0.380625 0.238034 0.364692 0.229270 0.359503 0.213333 0.365051 0.197324 0.380625 0.192258 0.396025 0.196418
0 0.319214 0.415833 0.311316 0.437935 0.293750 0.449164 0.274751 0.436313 0.266750 0.415833 0.277359 0.394379 0.293750 0.387446 0.309973 0.394054
0 0.553998 0.238333 0.545232 0.259498 0.527500 0.269674 0.510510 0.260296 0.502918 0.238333 0.510301 0.215006 0.527500 0.207041 0.544200 0.217390
0 0.534399 0.139167 0.528558 0.157276 0.516250 0.167514 0.501873 0.158888 0.496037 0.139167 0.502718 0.122609 0.516250 0.111891 0.529830 0.121001
0 0.542336 0.539167 0.537494 0.558225 0.525000 0.571194 0.513022 0.558061 0.509021 0.539167 0.512184 0.519460 0.525000 0.508783 0.536190 0.520172
0 0.707416 0.684167 0.701849 0.701342 0.683750 0.708073 0.667780 0.702208 0.660784 0.684167 0.665826 0.667460 0.683750 0.659717 0.698925 0.666181
0 0.384449 0.464167 0.377686 0.495273 0.352500 0.504149 0.331717 0.494372 0.319669 0.464167 0.331102 0.431486 0.352500 0.420229 0.377136 0.433582
0 0.494409 0.760000 0.487165 0.779224 0.471250 0.785588 0.453659 0.778784 0.445859 0.760000 0.453776 0.740744 0.471250 0.734845 0.488461 0.741722
0 0.574415 0.547500 0.567777 0.570829 0.553750 0.580204 0.539896 0.571527 0.535592 0.547500 0.539978 0.522816 0.553750 0.513480 0.568169 0.523147
0 0.360915 0.621667 0.352121 0.647664 0.328750 0.656743 0.306070 0.647139 0.292760 0.621667 0.302592 0.597821 0.328750 0.585929 0.351867 0.595452
1 0.612934 0.471667 0.606233 0.500278 0.578125 0.518301 0.554524 0.502393 0.540990 0.471667 0.549583 0.439954 0.578125 0.424016 0.606460 0.444018
0 0.317520 0.394167 0.311900 0.430800 0.293750 0.445911 0.276776 0.431011 0.267409 0.394167 0.276289 0.357009 0.293750 0.343987 0.311131 0.358223
0 0.567377 0.382500 0.561282 0.402119 0.543125 0.407867 0.524781 0.402402 0.516047 0.382500 0.523980 0.363088 0.543125 0.352956 0.560231 0.363704
0 0.762204 0.191667 0.757304 0.209686 0.744375 0.220235 0.731136 0.209469 0.728045 0.191667 0.731764 0.172393 0.744375 0.165097 0.755975 0.171248
0 0.571030 0.569167 0.566566 0.599525 0.548125 0.616106 0.532547 0.599270 0.521839 0.569167 0.532491 0.536436 0.548125 0.527943 0.564611 0.538918
0 0.386755 0.482500 0.377627 0.500948 0.362500 0.505783 0.347408 0.499620 0.340716 0.482500 0.347889 0.466482 0.362500 0.456826 0.376852 0.466978
0 0.356173 0.182500 0.351014 0.201238 0.336875 0.212767 0.321218 0.201600 0.315005 0.182500 0.322291 0.162474 0.336875 0.153766 0.352604 0.162665
0 0.301199 0.461667 0.297118 0.487445 0.280000 0.499747 0.264613 0.487446 0.257446 0.461667 0.264106 0.434830 0.280000 0.427083 0.295500 0.436483
1 0.479083 0.427165 0.471939 0.467624 0.444235 0.481257 0.419055 0.465148 0.409074 0.427165 0.420898 0.387503 0.444235 0.372433 0.471702 0.389381
