0 0.375515 0.521667 0.369224 0.543427 0.356875 0.555211 0.344019 0.544242 0.336455 0.521667 0.343200 0.498688 0.356875 0.490485 0.371336 0.497731
0 0.506526 0.515000 0.500004 0.533000 0.486250 0.540687 0.472176 0.532167 0.468126 0.515000 0.473959 0.496240 0.486250 0.488829 0.499847 0.496152
0 0.569087 0.320000 0.560774 0.343102 0.542500 0.351855 0.524466 0.345765 0.519638 0.320000 0.523834 0.292909 0.542500 0.283700 0.558821 0.293590
0 0.392519 0.486667 0.387072 0.505033 0.375000 0.516349 0.361809 0.505993 0.354765 0.486667 0.362684 0.468107 0.375000 0.459671 0.389292 0.466748
0 0.338096 0.339167 0.333366 0.356053 0.318125 0.362841 0.304165 0.355376 0.295556 0.339167 0.304506 0.322212 0.318125 0.316305 0.331790 0.324757
0 0.478247 0.662500 0.471161 0.680979 0.456250 0.691053 0.440584 0.682103 0.436052 0.662500 0.441270 0.641161 0.456250 0.637412 0.470009 0.643364
0 0.602731 0.305000 0.593430 0.324510 0.579375 0.334114 0.562955 0.322914 0.556959 0.305000 0.565073 0.284753 0.579375 0.277150 0.596078 0.284626
0 0.602041 0.166667 0.592906 0.195362 0.575625 0.203146 0.557902 0.192448 0.550438 0.166667 0.559408 0.137679 0.575625 0.129726 0.594208 0.139020
0 0.373724 0.245000 0.363165 0.279498 0.343750 0.292754 0.321494 0.280415 0.314434 0.245000 0.324864 0.210417 0.343750 0.192247 0.362813 0.209396
0 0.403504 0.307500 0.400342 0.327181 0.385000 0.334599 0.372165 0.329330 0.363532 0.307500 0.369578 0.286856 0.385000 0.277575 0.397902 0.286360
0 0.526223 0.329167 0.521823 0.349963 0.506875 0.361876 0.492213 0.351736 0.486852 0.329167 0.493660 0.305191 0.506875 0.296787 0.519798 0.307857
0 0.513842 0.176667 0.510939 0.200365 0.499375 0.210986 0.489082 0.200530 0.482587 0.176667 0.488906 0.152543 0.499375 0.142525 0.511073 0.155869
0 0.658905 0.674167 0.651739 0.697587 0.635000 0.703178 0.618044 0.697386 0.611937 0.674167 0.617994 0.650499 0.635000 0.645282 0.651436 0.654293
0 0.587307 0.391667 0.580159 0.408111 0.568125 0.414226 0.555090 0.407588 0.548259 0.391667 0.554768 0.377300 0.568125 0.370953 0.581296 0.375426
0 0.408693 0.649167 0.403548 0.672160 0.388125 0.683455 0.372196 0.672629 0.367191 0.649167 0.372682 0.626123 0.388125 0.614866 0.404603 0.623259
0 0.558715 0.625000 0.554496 0.646770 0.540625 0.654369 0.527840 0.644351 0.520364 0.625000 0.525677 0.605277 0.540625 0.595442 0.553664 0.604062
0 0.474351 0.724167 0.468612 0.748626 0.453750 0.755714 0.439968 0.747710 0.435719 0.724167 0.439394 0.699931 0.453750 0.687331 0.467414 0.698579
0 0.405478 0.436667 0.397737 0.457328 0.384375 0.463111 0.371645 0.456679 0.364822 0.436667 0.371547 0.416881 0.384375 0.410728 0.399389 0.417857
0 0.367409 0.454167 0.361152 0.476653 0.344375 0.485669 0.327423 0.478531 0.321870 0.454167 0.328815 0.431148 0.344375 0.420675 0.360068 0.429187
0 0.643091 0.443333 0.636046 0.458137 0.618125 0.466397 0.601375 0.457713 0.595597 0.443333 0.601365 0.427022 0.618125 0.420779 0.633872 0.426899
0 0.448103 0.245833 0.443599 0.278550 0.425000 0.284121 0.407624 0.278095 0.402114 0.245833 0.406470 0.216836 0.425000 0.203193 0.441306 0.217853
0 0.731150 0.292500 0.722939 0.317579 0.705000 0.328167 0.688696 0.316372 0.679948 0.292500 0.687009 0.267016 0.705000 0.256091 0.723296 0.269088
0 0.697781 0.388333 0.691281 0.403238 0.675000 0.411769 0.659050 0.405625 0.653964 0.388333 0.658631 0.371442 0.675000 0.367210 0.691510 0.371114
0 0.414617 0.403333 0.409985 0.423482 0.397500 0.432654 0.384793 0.423893 0.378435 0.403333 0.385000 0.382883 0.397500 0.375694 0.409789 0.381353
0 0.415448 0.520833 0.408047 0.539361 0.395000 0.548153 0.380603 0.540997 0.376006 0.520833 0.382132 0.499568 0.395000 0.490847 0.406962 0.503217
0 0.581471 0.547500 0.572488 0.565992 0.556875 0.573432 0.539259 0.564833 0.533187 0.547500 0.541507 0.527500 0.556875 0.520983 0.573589 0.530784
0 0.768223 0.298333 0.760710 0.326994 0.746250 0.339731 0.733516 0.329618 0.724431 0.298333 0.732977 0.266308 0.746250 0.256062 0.761483 0.268806
0 0.472324 0.487500 0.468976 0.507085 0.456250 0.514419 0.444395 0.506532 0.440237 0.487500 0.442995 0.470368 0.456250 0.462947 0.467982 0.468622
0 0.529759 0.530000 0.524925 0.551357 0.510000 0.560751 0.495671 0.549254 0.487032 0.530000 0.493618 0.511439 0.510000 0.502997 0.526367 0.510484
0 0.501970 0.690000 0.496009 0.709624 0.481250 0.721247 0.465564 0.710816 0.458070 0.690000 0.466795 0.668711 0.481250 0.658647 0.495814 0.667581
0 0.629595 0.335833 0.623440 0.355730 0.608125 0.362288 0.594409 0.356314 0.585710 0.335833 0.594716 0.317976 0.608125 0.308166 0.622979 0.318026
0 0.478122 0.415000 0.473539 0.442345 0.460000 0.453493 0.447177 0.438349 0.441208 0.415000 0.447227 0.390065 0.460000 0.376853 0.475259 0.389276
0 0.779471 0.454167 0.772437 0.473694 0.754375 0.480621 0.738273 0.473899 0.730950 0.454167 0.735609 0.434127 0.754375 0.424672 0.771400 0.436149
0 0.554293 0.505000 0.546837 0.523650 0.533125 0.534296 0.518672 0.526517 0.514495 0.505000 0.520736 0.483289 0.533125 0.478680 0.545651 0.483898
0 0.742157 0.494167 0.735932 0.516400 0.723750 0.524328 0.712027 0.514342 0.706175 0.494167 0.711237 0.472475 0.723750 0.465831 0.736389 0.472670
0 0.450265 0.386667 0.444849 0.412056 0.431875 0.426030 0.418857 0.414909 0.414217 0.386667 0.419203 0.358878 0.431875 0.346365 0.443743 0.359750
0 0.658186 0.478333 0.653553 0.495712 0.637500 0.505601 0.622488 0.497647 0.615500 0.478333 0.621132 0.458338 0.637500 0.449945 0.652167 0.458266
0 0.507427 0.616667 0.499605 0.635579 0.483125 0.643090 0.466317 0.635017 0.460665 0.616667 0.466338 0.597654 0.483125 0.589215 0.500357 0.597529
0 0.727526 0.348333 0.714471 0.368183 0.687500 0.374312 0.658487 0.369176 0.650310 0.348333 0.662265 0.327330 0.687500 0.317511 0.714564 0.327585
0 0.736332 0.237500 0.729674 0.255664 0.715000 0.266757 0.700746 0.255064 0.696540 0.237500 0.701881 0.216647 0.715000 0.212222 0.730238 0.217369
0 0.710985 0.534167 0.704069 0.553577 0.690000 0.561364 0.676232 0.551408 0.669016 0.534167 0.675676 0.515803 0.690000 0.507149 0.703723 0.514752
0 0.671610 0.144167 0.666230 0.168316 0.642500 0.176026 0.619777 0.169213 0.608602 0.144167 0.619404 0.118903 0.642500 0.109858 0.664128 0.120229
0 0.580308 0.736667 0.575244 0.758365 0.561250 0.767029 0.545880 0.757263 0.539669 0.736667 0.545969 0.713845 0.561250 0.702032 0.573984 0.713318
0 0.580493 0.600000 0.575280 0.617171 0.561875 0.624461 0.547435 0.620419 0.541797 0.600000 0.546779 0.582797 0.561875 0.572838 0.575801 0.581412
0 0.513874 0.400000 0.506732 0.432559 0.494375 0.444953 0.479872 0.432906 0.475015 0.400000 0.480012 0.365546 0.494375 0.359020 0.508389 0.365522
0 0.725974 0.648333 0.720646 0.668202 0.706250 0.675769 0.690775 0.667962 0.684613 0.648333 0.692922 0.629263 0.706250 0.618253 0.721414 0.628490
0 0.416498 0.594167 0.413384 0.619470 0.400625 0.629695 0.387650 0.621100 0.383571 0.594167 0.389358 0.570890 0.400625 0.556938 0.412861 0.571119
0 0.359364 0.565833 0.351353 0.586407 0.336875 0.593043 0.321594 0.584504 0.316145 0.565833 0.321913 0.545236 0.336875 0.536919 0.350962 0.546292
0 0.392467 0.563333 0.387404 0.581706 0.373750 0.593332 0.360347 0.581403 0.354389 0.563333 0.358372 0.543584 0.373750 0.534482 0.388856 0.543295
0 0.777509 0.560000 0.771664 0.581166 0.757500 0.594760 0.744551 0.584043 0.739994 0.560000 0.744357 0.537941 0.757500 0.526642 0.770427 0.539724
0 0.551099 0.379167 0.547838 0.400608 0.531875 0.408600 0.518559 0.401430 0.510322 0.379167 0.516682 0.360361 0.531875 0.351133 0.545968 0.358677
0 0.604059 0.243333 0.597282 0.266236 0.582500 0.275526 0.568033 0.270441 0.560895 0.243333 0.566105 0.219874 0.582500 0.211692 0.598218 0.219648
0 0.548397 0.581667 0.535946 0.600614 0.516250 0.607993 0.496959 0.600983 0.487508 0.581667 0.495251 0.565694 0.516250 0.556895 0.536382 0.564277
0 0.599049 0.355833 0.590787 0.373806 0.575000 0.377936 0.559496 0.372348 0.554257 0.355833 0.560039 0.339880 0.575000 0.329331 0.590793 0.339601
0 0.321177 0.589167 0.314205 0.612901 0.299375 0.619558 0.283731 0.610497 0.276284 0.589167 0.283437 0.565849 0.299375 0.555841 0.315863 0.566224
0 0.463642 0.633333 0.452887 0.656758 0.433750 0.668245 0.411394 0.658579 0.405024 0.633333 0.411760 0.607875 0.433750 0.595266 0.455208 0.605936
0 0.489372 0.325833 0.482174 0.346691 0.470625 0.351181 0.458765 0.346077 0.451346 0.325833 0.458931 0.307451 0.470625 0.299522 0.484519 0.306181
0 0.390917 0.368333 0.385759 0.397445 0.372500 0.404375 0.359661 0.396072 0.351975 0.368333 0.358796 0.338864 0.372500 0.325607 0.384583 0.337409
0 0.337625 0.297500 0.332888 0.311946 0.316250 0.319889 0.299051 0.313618 0.292501 0.297500 0.301242 0.283149 0.316250 0.276711 0.331160 0.281210
0 0.675254 0.515833 0.670931 0.541434 0.652500 0.547084 0.636523 0.540877 0.627766 0.515833 0.636427 0.489445 0.652500 0.481435 0.671746 0.492154
0 0.418953 0.270833 0.412410 0.288106 0.400000 0.298442 0.386140 0.287838 0.382425 0.270833 0.386744 0.254322 0.400000 0.247207 0.414419 0.253818
0 0.567609 0.262500 0.561579 0.282574 0.548125 0.291592 0.535222 0.281583 0.529248 0.262500 0.536477 0.242985 0.548125 0.230487 0.561008 0.243933
0 0.526866 0.646667 0.518483 0.664058 0.500625 0.671220 0.484565 0.663038 0.476812 0.646667 0.481865 0.629755 0.500625 0.621779 0.518587 0.627643
0 0.412314 0.180000 0.407604 0.203319 0.396250 0.216363 0.383588 0.204443 0.378999 0.180000 0.382980 0.157890 0.396250 0.143968 0.408105 0.157494
0 0.799708 0.338333 0.794598 0.360493 0.778125 0.368325 0.761226 0.358711 0.756108 0.338333 0.762785 0.316629 0.778125 0.306961 0.793686 0.317549
0 0.571825 0.194167 0.567262 0.217761 0.555000 0.227626 0.542510 0.216383 0.537373 0.194167 0.542540 0.171136 0.555000 0.161951 0.566630 0.168364
0 0.470881 0.103333 0.464773 0.129384 0.455000 0.137886 0.444473 0.126910 0.438957 0.103333 0.444569 0.077531 0.455000 0.065973 0.466501 0.076148
0 0.696497 0.627500 0.689797 0.646267 0.671875 0.654973 0.654115 0.648540 0.647432 0.627500 0.656773 0.609367 0.671875 0.597663 0.688085 0.608047
0 0.442175 0.445833 0.436114 0.462390 0.423750 0.471796 0.410820 0.461996 0.403627 0.445833 0.410861 0.430396 0.423750 0.424006 0.435939 0.427447
0 0.641874 0.555000 0.634005 0.574208 0.620625 0.583499 0.607527 0.573406 0.602720 0.555000 0.605744 0.534854 0.620625 0.529430 0.633652 0.537590
0 0.698221 0.216667 0.691186 0.242719 0.673750 0.258213 0.656114 0.242276 0.650985 0.216667 0.655727 0.189613 0.673750 0.180416 0.690129 0.190437
0 0.452038 0.174167 0.444239 0.200515 0.428750 0.205662 0.411893 0.200049 0.407769 0.174167 0.413266 0.151298 0.428750 0.138687 0.444249 0.152389
0 0.341637 0.389167 0.337905 0.411785 0.326250 0.418585 0.314100 0.410701 0.311256 0.389167 0.315192 0.366578 0.326250 0.359834 0.337440 0.369559
0 0.505124 0.467500 0.499807 0.489218 0.481875 0.498543 0.464328 0.489485 0.456540 0.467500 0.463230 0.447181 0.481875 0.440796 0.499959 0.445557
0 0.793993 0.270833 0.786118 0.294972 0.771875 0.307586 0.755581 0.293624 0.750705 0.270833 0.755646 0.244433 0.771875 0.238490 0.786271 0.247831
0 0.423351 0.480000 0.419857 0.495402 0.408125 0.498468 0.397271 0.494787 0.392026 0.480000 0.396850 0.466326 0.408125 0.459764 0.420826 0.464865
0 0.735707 0.580833 0.729173 0.600266 0.711875 0.606880 0.695412 0.598430 0.689407 0.580833 0.693034 0.560837 0.711875 0.552621 0.728295 0.561483
0 0.742144 0.415000 0.731705 0.439265 0.716250 0.450714 0.700946 0.438506 0.691284 0.415000 0.699897 0.392181 0.716250 0.380885 0.731474 0.391632
0 0.722333 0.498333 0.714816 0.519773 0.702500 0.524210 0.688228 0.519936 0.682074 0.498333 0.690433 0.478655 0.702500 0.468409 0.714508 0.476642
0 0.644759 0.620833 0.638890 0.646819 0.620625 0.663562 0.601971 0.647496 0.593388 0.620833 0.601230 0.592736 0.620625 0.580232 0.637302 0.590555
0 0.449581 0.563333 0.439694 0.588388 0.425625 0.600313 0.410927 0.590316 0.405817 0.563333 0.409586 0.540097 0.425625 0.531769 0.442300 0.537428
0 0.610945 0.653333 0.604088 0.683920 0.583750 0.690171 0.562594 0.682679 0.556805 0.653333 0.564030 0.622995 0.583750 0.614648 0.601903 0.627034
0 0.386188 0.617500 0.379678 0.639093 0.361250 0.646594 0.343489 0.636330 0.335274 0.617500 0.344936 0.598298 0.361250 0.587725 0.379498 0.596199
0 0.452001 0.319167 0.447860 0.343355 0.430000 0.354889 0.413437 0.341058 0.404753 0.319167 0.413742 0.296243 0.430000 0.283776 0.445646 0.294384
0 0.553841 0.432500 0.547206 0.450117 0.531875 0.459864 0.518521 0.450116 0.511392 0.432500 0.518441 0.415487 0.531875 0.408721 0.546778 0.414215
0 0.583463 0.689167 0.579244 0.709021 0.565625 0.719311 0.552109 0.709136 0.549286 0.689167 0.553795 0.666110 0.565625 0.656839 0.579017 0.668365
0 0.366801 0.330833 0.363302 0.349441 0.351875 0.358425 0.340408 0.352811 0.335146 0.330833 0.341841 0.308238 0.351875 0.303187 0.363136 0.312202
0 0.446201 0.316667 0.440199 0.339094 0.423750 0.345655 0.408920 0.339120 0.404518 0.316667 0.409150 0.297301 0.423750 0.289067 0.439625 0.297535
0 0.483533 0.363333 0.475895 0.375348 0.462500 0.381984 0.448324 0.376840 0.441410 0.363333 0.448214 0.351541 0.462500 0.346300 0.477263 0.350047
0 0.297256 0.316667 0.292674 0.337452 0.280000 0.350985 0.266828 0.337343 0.262371 0.316667 0.267069 0.292988 0.280000 0.287760 0.293777 0.293904
0 0.392490 0.213333 0.383765 0.248837 0.368125 0.269938 0.351581 0.251334 0.342431 0.213333 0.350992 0.173937 0.368125 0.164487 0.386447 0.176398
0 0.327761 0.413333 0.320360 0.436284 0.306875 0.445349 0.292423 0.433814 0.286989 0.413333 0.291926 0.390497 0.306875 0.386215 0.320456 0.391777
0 0.315926 0.510833 0.310395 0.529593 0.295000 0.538005 0.279010 0.532434 0.270545 0.510833 0.279336 0.488731 0.295000 0.478967 0.309365 0.488148
0 0.512434 0.245833 0.505872 0.277658 0.491875 0.294257 0.478421 0.278381 0.469561 0.245833 0.475974 0.214765 0.491875 0.203876 0.506324 0.211511
0 0.542366 0.724167 0.537939 0.745806 0.526250 0.755173 0.514641 0.743167 0.509082 0.724167 0.513122 0.703606 0.526250 0.694915 0.538676 0.704579
0 0.631070 0.097500 0.623073 0.123339 0.600000 0.133438 0.576125 0.125954 0.570048 0.097500 0.575015 0.069135 0.600000 0.056627 0.621310 0.070568
0 0.437448 0.495000 0.434811 0.513866 0.423125 0.523048 0.412348 0.514489 0.406942 0.495000 0.411344 0.475507 0.423125 0.465469 0.434978 0.473337
0 0.811625 0.420833 0.805901 0.445699 0.791250 0.460211 0.776977 0.448068 0.770655 0.420833 0.777550 0.397355 0.791250 0.386222 0.804547 0.397126
0 0.556178 0.676667 0.548068 0.693913 0.534375 0.700770 0.519835 0.696304 0.514598 0.676667 0.518912 0.657084 0.534375 0.648376 0.548517 0.658366
0 0.338508 0.454167 0.335501 0.475955 0.324375 0.482441 0.314851 0.476603 0.309319 0.454167 0.313336 0.431109 0.324375 0.420986 0.334579 0.431652
0 0.631776 0.273333 0.626959 0.294913 0.613750 0.306194 0.600149 0.295124 0.593697 0.273333 0.600620 0.252355 0.613750 0.243338 0.625983 0.250054
0 0.510997 0.115000 0.508456 0.135972 0.495000 0.142959 0.481675 0.134196 0.476227 0.115000 0.483334 0.092030 0.495000 0.083610 0.508426 0.094016
0 0.774207 0.505833 0.768011 0.525171 0.754375 0.531277 0.739705 0.522443 0.735487 0.505833 0.738403 0.486480 0.754375 0.481720 0.769962 0.486000
0 0.485934 0.171667 0.481727 0.197375 0.468125 0.206230 0.455473 0.194589 0.449219 0.171667 0.456280 0.147102 0.468125 0.135817 0.480755 0.150089
0 0.685835 0.434167 0.678602 0.452817 0.658750 0.465066 0.638437 0.453671 0.627176 0.434167 0.637607 0.414843 0.658750 0.405518 0.678723 0.413662
0 0.700567 0.135833 0.693332 0.167853 0.676250 0.177566 0.659207 0.164487 0.653391 0.135833 0.658756 0.107194 0.676250 0.095111 0.693021 0.105811
0 0.608284 0.578333 0.603535 0.600597 0.588750 0.606469 0.574854 0.601445 0.565412 0.578333 0.573098 0.558995 0.588750 0.549856 0.602399 0.555098
0 0.486063 0.570833 0.480698 0.591853 0.468125 0.600025 0.455791 0.591844 0.447889 0.570833 0.455403 0.547097 0.468125 0.543064 0.482535 0.547209
0 0.655170 0.204167 0.647950 0.229733 0.628125 0.241515 0.608211 0.233359 0.601168 0.204167 0.605684 0.178822 0.628125 0.168548 0.650085 0.175740
0 0.672156 0.296667 0.667636 0.332717 0.651250 0.353070 0.635443 0.333619 0.630083 0.296667 0.635132 0.263569 0.651250 0.245871 0.666866 0.263108
0 0.538721 0.476667 0.535043 0.491150 0.523125 0.498774 0.513091 0.492218 0.507672 0.476667 0.512049 0.460650 0.523125 0.452935 0.534319 0.460453
0 0.768103 0.310833 0.759720 0.333366 0.746875 0.341149 0.732996 0.333931 0.726249 0.310833 0.733741 0.289113 0.746875 0.279883 0.760094 0.288958
0 0.532975 0.085833 0.527374 0.104978 0.511875 0.114232 0.498171 0.108139 0.490263 0.085833 0.496019 0.066148 0.511875 0.057191 0.526032 0.063488
1 0.629343 0.500833 0.620921 0.530686 0.596875 0.544557 0.571487 0.529147 0.561141 0.500833 0.573601 0.466538 0.596875 0.456492 0.623362 0.469481
0 0.687306 0.576667 0.678881 0.596681 0.658750 0.606472 0.639052 0.598841 0.631598 0.576667 0.638292 0.555542 0.658750 0.547300 0.677806 0.555584
0 0.309254 0.459167 0.303202 0.479675 0.286875 0.486876 0.269715 0.477525 0.264449 0.459167 0.268987 0.440794 0.286875 0.431411 0.303912 0.438638
0 0.591347 0.440833 0.585271 0.459324 0.571250 0.470958 0.557048 0.459244 0.553597 0.440833 0.559060 0.419566 0.571250 0.411969 0.585134 0.419598
0 0.658286 0.208333 0.649254 0.232874 0.633750 0.249836 0.616768 0.237457 0.611273 0.208333 0.618482 0.179590 0.633750 0.166643 0.650663 0.181679
0 0.552769 0.130833 0.544848 0.148467 0.531250 0.158594 0.518395 0.150945 0.509376 0.130833 0.516929 0.113163 0.531250 0.102568 0.546501 0.110855
0 0.427328 0.361667 0.421352 0.377001 0.409375 0.385832 0.396807 0.379387 0.389442 0.361667 0.396868 0.344355 0.409375 0.338313 0.421001 0.345260
0 0.643570 0.286667 0.635549 0.311385 0.623125 0.325017 0.608553 0.313147 0.605637 0.286667 0.610039 0.261781 0.623125 0.246507 0.637859 0.262268
0 0.701561 0.223333 0.695412 0.246834 0.680625 0.256603 0.666514 0.250124 0.659965 0.223333 0.665309 0.196702 0.680625 0.191508 0.696634 0.199117
0 0.636296 0.390000 0.629444 0.410884 0.611250 0.424498 0.593481 0.413322 0.586879 0.390000 0.591258 0.368887 0.611250 0.359791 0.628479 0.366107
0 0.514773 0.698333 0.511370 0.725186 0.499375 0.733646 0.489263 0.723246 0.482296 0.698333 0.488555 0.672573 0.499375 0.665543 0.511501 0.675385
0 0.750507 0.547500 0.743776 0.568722 0.728750 0.573806 0.714869 0.568140 0.708536 0.547500 0.713202 0.526120 0.728750 0.521489 0.741621 0.527566
0 0.331782 0.515833 0.328831 0.547432 0.316250 0.558084 0.304221 0.545910 0.300454 0.515833 0.305562 0.488183 0.316250 0.478478 0.328696 0.489806
0 0.529567 0.759167 0.524928 0.777334 0.512500 0.789120 0.498031 0.777579 0.492214 0.759167 0.499167 0.740294 0.512500 0.729657 0.526071 0.738117
0 0.698087 0.288333 0.692050 0.311130 0.680625 0.317139 0.669130 0.312684 0.662987 0.288333 0.668039 0.267877 0.680625 0.256100 0.691903 0.266663
0 0.499399 0.751667 0.494627 0.771675 0.484375 0.780112 0.474200 0.770496 0.468709 0.751667 0.473120 0.730970 0.484375 0.725395 0.496070 0.732024
0 0.608857 0.415000 0.603996 0.431648 0.592500 0.439947 0.579327 0.433013 0.576401 0.415000 0.580725 0.399520 0.592500 0.393521 0.605225 0.397922
0 0.635815 0.282500 0.630737 0.310594 0.616250 0.321396 0.601836 0.308613 0.596833 0.282500 0.602261 0.254696 0.616250 0.242288 0.630940 0.255571
0 0.368106 0.392500 0.365648 0.417048 0.355000 0.426590 0.345257 0.413467 0.341998 0.392500 0.345828 0.367354 0.355000 0.356783 0.364405 0.368428
0 0.326576 0.257500 0.319158 0.279824 0.305625 0.290314 0.292530 0.277695 0.285155 0.257500 0.292397 0.234747 0.305625 0.226677 0.318310 0.235763
0 0.696039 0.462500 0.692209 0.481194 0.678125 0.486174 0.664260 0.479436 0.660044 0.462500 0.665691 0.443763 0.678125 0.436696 0.690418 0.444650
0 0.479334 0.536667 0.471873 0.559646 0.459375 0.568436 0.445553 0.558404 0.441579 0.536667 0.446055 0.515638 0.459375 0.506942 0.472979 0.517464
0 0.762827 0.209167 0.757346 0.232639 0.740000 0.247695 0.723745 0.233188 0.713573 0.209167 0.724050 0.184667 0.740000 0.172545 0.756702 0.186080
0 0.764922 0.216667 0.759983 0.236673 0.745000 0.244754 0.732203 0.239561 0.725899 0.216667 0.732103 0.197531 0.745000 0.187590 0.760092 0.193831
0 0.546921 0.225000 0.542144 0.241999 0.528125 0.251302 0.514894 0.244771 0.508825 0.225000 0.512498 0.206735 0.528125 0.197534 0.542376 0.206910
0 0.715987 0.614167 0.710431 0.631628 0.695625 0.640331 0.680187 0.631099 0.674281 0.614167 0.680430 0.597488 0.695625 0.589513 0.710506 0.595712
0 0.549653 0.208333 0.543873 0.241694 0.528125 0.254602 0.512434 0.236894 0.505640 0.208333 0.512400 0.175113 0.528125 0.164369 0.542493 0.179943
0 0.354838 0.454167 0.349801 0.475987 0.333125 0.485501 0.318231 0.476743 0.309443 0.454167 0.315147 0.431636 0.333125 0.422736 0.349543 0.429509
0 0.765343 0.373333 0.758961 0.393682 0.743125 0.405044 0.725952 0.393355 0.718112 0.373333 0.724586 0.353002 0.743125 0.343317 0.761447 0.352061
0 0.454154 0.320000 0.448877 0.344249 0.438125 0.352650 0.426094 0.342701 0.421851 0.320000 0.426309 0.297873 0.438125 0.285252 0.450774 0.295078
0 0.528923 0.269167 0.526327 0.286289 0.516250 0.294657 0.506354 0.284872 0.503354 0.269167 0.505908 0.251147 0.516250 0.245855 0.526124 0.251183
0 0.476707 0.262500 0.471943 0.286596 0.462500 0.297526 0.453440 0.290295 0.449399 0.262500 0.452131 0.237929 0.462500 0.227485 0.471887 0.238860
0 0.511691 0.385833 0.505989 0.408895 0.494375 0.415594 0.481638 0.405836 0.474501 0.385833 0.482142 0.366197 0.494375 0.353092 0.506502 0.361885
0 0.690473 0.578333 0.682485 0.600143 0.667500 0.610836 0.653940 0.600015 0.648085 0.578333 0.651864 0.558181 0.667500 0.549832 0.683445 0.556807
0 0.793603 0.550000 0.790324 0.573440 0.780000 0.585730 0.771220 0.576255 0.766257 0.550000 0.770205 0.521484 0.780000 0.514236 0.788945 0.522420
0 0.801969 0.485000 0.796733 0.503412 0.781250 0.515374 0.765091 0.504410 0.761322 0.485000 0.765424 0.464703 0.781250 0.454378 0.795443 0.465427
0 0.786872 0.400000 0.779980 0.420519 0.767500 0.434128 0.753874 0.421443 0.747678 0.400000 0.754622 0.378440 0.767500 0.367224 0.780847 0.375422
0 0.564159 0.451667 0.558331 0.475774 0.548125 0.482532 0.537196 0.474632 0.532354 0.451667 0.536787 0.430832 0.548125 0.421611 0.560251 0.428870
0 0.481602 0.100833 0.474065 0.128031 0.461250 0.137326 0.447948 0.124383 0.440165 0.100833 0.446681 0.073672 0.461250 0.067230 0.476697 0.076064
0 0.733117 0.495833 0.724689 0.519149 0.708750 0.525685 0.691331 0.518081 0.684231 0.495833 0.693243 0.473935 0.708750 0.465521 0.726042 0.473978
0 0.639222 0.383333 0.632383 0.409669 0.616875 0.418577 0.600296 0.409955 0.595024 0.383333 0.600055 0.358474 0.616875 0.346741 0.631823 0.358599
0 0.469041 0.207500 0.464742 0.223291 0.454375 0.231750 0.444336 0.225057 0.439200 0.207500 0.443238 0.190279 0.454375 0.181651 0.466229 0.190416
0 0.537469 0.389167 0.531592 0.412117 0.521250 0.419287 0.510142 0.412901 0.505553 0.389167 0.510800 0.368026 0.521250 0.360762 0.531657 0.367637
0 0.326942 0.511667 0.318498 0.536679 0.300000 0.545039 0.280613 0.536009 0.274662 0.511667 0.280451 0.489332 0.300000 0.476669 0.319309 0.487074
0 0.543406 0.385000 0.539089 0.407624 0.525625 0.415958 0.513329 0.410715 0.506854 0.385000 0.511604 0.361254 0.525625 0.354194 0.539531 0.363539
0 0.561183 0.127500 0.555920 0.146238 0.537500 0.155550 0.517228 0.146867 0.510019 0.127500 0.517550 0.107407 0.537500 0.100199 0.554799 0.108550
0 0.688146 0.686667 0.679039 0.705832 0.662500 0.714752 0.645808 0.703837 0.639512 0.686667 0.646439 0.666487 0.662500 0.661809 0.680564 0.667696
0 0.628716 0.400000 0.620557 0.422449 0.605625 0.434749 0.589469 0.425700 0.581426 0.400000 0.590714 0.376495 0.605625 0.365896 0.621069 0.374128
0 0.687863 0.417500 0.675392 0.444743 0.655000 0.458709 0.631771 0.447512 0.624564 0.417500 0.635768 0.385163 0.655000 0.373253 0.676030 0.386635
0 0.489730 0.555833 0.481347 0.588304 0.463750 0.602211 0.445368 0.587243 0.439299 0.555833 0.447665 0.524029 0.463750 0.507419 0.479122 0.523120
0 0.430493 0.107500 0.425859 0.134526 0.409375 0.146693 0.393739 0.134908 0.386072 0.107500 0.392810 0.082354 0.409375 0.069672 0.424313 0.082696
0 0.663697 0.401667 0.658323 0.418881 0.645000 0.429742 0.632842 0.420743 0.625464 0.401667 0.631347 0.383412 0.645000 0.377493 0.658114 0.382134
0 0.516100 0.753333 0.509172 0.772591 0.492500 0.782717 0.477772 0.774193 0.470537 0.753333 0.477671 0.733693 0.492500 0.723511 0.507383 0.732542
0 0.767575 0.615000 0.760695 0.633875 0.742500 0.643423 0.725831 0.633601 0.715909 0.615000 0.723243 0.596403 0.742500 0.587254 0.760977 0.597625
0 0.699625 0.230833 0.696100 0.250225 0.684375 0.259627 0.671575 0.250956 0.668852 0.230833 0.673154 0.211952 0.684375 0.204685 0.695319 0.211420
0 0.282666 0.531667 0.278227 0.554254 0.270000 0.560165 0.260566 0.551421 0.256905 0.531667 0.260958 0.509945 0.270000 0.499116 0.278324 0.512241
0 0.481905 0.185000 0.474054 0.221964 0.459375 0.236775 0.444657 0.216796 0.439218 0.185000 0.443484 0.148591 0.459375 0.139478 0.475427 0.148221
0 0.669702 0.320000 0.665871 0.339814 0.651875 0.348782 0.639042 0.339177 0.633159 0.320000 0.639206 0.301627 0.651875 0.294985 0.666563 0.299905
0 0.724189 0.143333 0.721009 0.165129 0.709375 0.173555 0.697844 0.165154 0.693247 0.143333 0.697614 0.120991 0.709375 0.112090 0.720450 0.121666
0 0.326905 0.398333 0.320230 0.430169 0.304375 0.442632 0.287445 0.434306 0.281213 0.398333 0.287710 0.367580 0.304375 0.355850 0.319852 0.366735
0 0.715625 0.624167 0.704507 0.647781 0.683125 0.658454 0.659722 0.648033 0.650759 0.624167 0.661244 0.602669 0.683125 0.588445 0.704313 0.600063
0 0.550062 0.190833 0.544932 0.214986 0.531250 0.231826 0.517138 0.216356 0.509404 0.190833 0.517453 0.164218 0.531250 0.155173 0.545641 0.161793
0 0.484640 0.102500 0.481893 0.125421 0.474375 0.135466 0.467436 0.127720 0.462894 0.102500 0.467558 0.078681 0.474375 0.069157 0.481962 0.076296
0 0.434643 0.731667 0.428165 0.755826 0.415000 0.762316 0.400003 0.754156 0.396786 0.731667 0.401169 0.707565 0.415000 0.700002 0.430133 0.707424
0 0.760771 0.193333 0.752519 0.208801 0.736250 0.215108 0.720881 0.209148 0.714782 0.193333 0.721175 0.178406 0.736250 0.171965 0.753332 0.178228
0 0.478895 0.250000 0.474683 0.282680 0.464375 0.290629 0.453238 0.279974 0.450409 0.250000 0.454658 0.220990 0.464375 0.205937 0.473797 0.221235
0 0.562388 0.446667 0.555467 0.470185 0.543125 0.476938 0.530232 0.470500 0.525606 0.446667 0.530502 0.423323 0.543125 0.413263 0.557602 0.425613
0 0.697606 0.140000 0.686876 0.169512 0.662500 0.178425 0.637697 0.168290 0.628194 0.140000 0.637760 0.112594 0.662500 0.101077 0.686812 0.111040
0 0.773896 0.391667 0.768406 0.415189 0.751875 0.426213 0.734879 0.418880 0.730134 0.391667 0.737649 0.368034 0.751875 0.358653 0.768829 0.365825
0 0.548690 0.182500 0.542886 0.201842 0.528750 0.209856 0.516190 0.201972 0.510528 0.182500 0.515844 0.161731 0.528750 0.157132 0.541358 0.162467
0 0.532746 0.101667 0.525106 0.130781 0.505000 0.147071 0.485585 0.135058 0.479251 0.101667 0.484930 0.068501 0.505000 0.058501 0.524298 0.070483
0 0.576961 0.447500 0.572982 0.468574 0.557500 0.478146 0.542758 0.468732 0.538269 0.447500 0.543820 0.423790 0.557500 0.412023 0.572344 0.425481
0 0.768989 0.556667 0.762666 0.575294 0.751250 0.585272 0.738266 0.576339 0.734623 0.556667 0.739875 0.538427 0.751250 0.528289 0.762407 0.536310
0 0.434235 0.487500 0.427494 0.504469 0.412500 0.512759 0.397420 0.504207 0.390868 0.487500 0.397239 0.469823 0.412500 0.463857 0.428973 0.469821
0 0.624778 0.504167 0.619954 0.536046 0.596875 0.553699 0.574498 0.534981 0.566942 0.504167 0.574694 0.474661 0.596875 0.462016 0.617251 0.474002
0 0.511270 0.260000 0.507111 0.281672 0.493125 0.290846 0.481095 0.278457 0.474234 0.260000 0.479116 0.238710 0.493125 0.229882 0.505287 0.241669
0 0.683477 0.499167 0.681239 0.513850 0.668125 0.518942 0.655748 0.513387 0.651917 0.499167 0.655652 0.486173 0.668125 0.478921 0.680289 0.485749
0 0.497148 0.461667 0.489560 0.481179 0.476250 0.487947 0.460817 0.480620 0.457086 0.461667 0.462914 0.440950 0.476250 0.435453 0.490547 0.441439
0 0.463608 0.625000 0.457845 0.647880 0.442500 0.656964 0.427944 0.647912 0.421274 0.625000 0.429530 0.602715 0.442500 0.594042 0.455884 0.602275
0 0.578535 0.082500 0.573052 0.115277 0.555625 0.128547 0.538099 0.111963 0.531610 0.082500 0.539710 0.049960 0.555625 0.042270 0.574454 0.054672
0 0.308196 0.373333 0.304284 0.391184 0.293750 0.400455 0.284182 0.391196 0.277353 0.373333 0.282431 0.356053 0.293750 0.347135 0.303574 0.355403
0 0.607685 0.174167 0.600758 0.198713 0.587500 0.212112 0.574720 0.198678 0.568236 0.174167 0.573681 0.149684 0.587500 0.138144 0.601045 0.148417
0 0.523492 0.580000 0.519125 0.596482 0.505000 0.602707 0.492246 0.594925 0.486794 0.580000 0.489803 0.563029 0.505000 0.558306 0.519410 0.562291
0 0.484258 0.176667 0.477065 0.207933 0.463750 0.218614 0.450785 0.206992 0.442600 0.176667 0.449076 0.149403 0.463750 0.136797 0.477873 0.147057
